# meta:run_eval_mode=formation_scenario
# meta:scenario=A8
# meta:title=Vertical swap (2 robots), dz=0.50 m at crossing, span=1.00 m, passes=4
# meta:n_drones=2
# meta:duration_s=26.000
# meta:height=0.5
# meta:timescale=1.0
# meta:controller=6
# meta:ctrl_mode=0
# meta:tags=swap|data_collection
# meta:param_dz=0.5
# meta:param_span=1.0
# meta:param_duration=6.0
# meta:param_settle=2.0
# meta:param_passes=4
# meta:param_rotate_deg=0.0
# meta:realised_peak_speed=0.3646
# meta:realised_peak_accel=0.2087
# meta:realised_speed_requested=None
# meta:realised_period_effective=None
# meta:realised_period_pinned=False
# meta:realised_path_kind=fixed
# meta:indi_kr=2400.0
# meta:indi_kw=170.0
# meta:indi_kr_z=2400.0
# meta:indi_kw_z=170.0
# meta:indi_kr_geo=0.01
# meta:indi_kw_geo=0.0011
# meta:indi_kr_z_geo=0.01
# meta:indi_kw_z_geo=0.00138
# meta:indi_fc_bw=206.0
# meta:indi_mass=0.041
# meta:indi_kt1=4.1623e-10
# meta:indi_kt2=4.0592e-10
# meta:indi_kt3=4.1116e-10
# meta:indi_kt4=4.0631e-10
# meta:indi_j_scale=1.0
# meta:indi_notch_f0=6.9
# meta:indi_notch_bw=3.0
# meta:pos_kp_xy=40.0
# meta:pos_kp_z=30.0
# meta:pos_kv_xy=8.0
# meta:pos_kv_z=10.0
# meta:t_start_sim=1791559921.1465
# meta:usd_start_s=16.142800
# meta:config_source=all+robot_override
# meta:shared_controller=6
# meta:shared_ctrl_mode=3
# meta:gains_apply=1
time_s,pos_x,pos_y,pos_z,vel_x,vel_y,vel_z,roll,pitch,yaw,thrust,vbat,gyro_x,gyro_y,gyro_z,acc_x,acc_y,acc_z,tau_x,tau_y,tau_z,alp_x,alp_y,alp_z,a_res_x,a_res_y,a_res_z
7.241407,0.031246,-0.315974,0.027021,0.025436,0.002852,0.001981,0.334530,0.587116,0.795132,0.000000,3.974780,-0.971948,-1.381964,-0.367882,0.023827,0.009474,1.000101,0.000000,0.000000,0.000000,-6.356169,-5.255808,-3.447784,0.176684,-0.098801,9.627416
7.292456,0.031250,-0.315966,0.027018,0.025419,0.004433,0.001626,0.338103,0.582424,0.791148,0.000000,3.974780,0.437961,1.211684,0.135747,0.027216,-0.003888,1.003784,0.000000,0.000000,0.000000,-5.078034,0.075040,-3.190136,0.128138,-0.095258,9.590734
7.342476,0.031254,-0.315960,0.027017,0.026374,0.004707,0.001613,0.336690,0.572266,0.785842,0.000000,3.974780,0.753179,0.685399,0.474019,0.016465,0.003034,1.001353,0.000000,0.000000,0.000000,-0.115644,4.750567,0.966901,0.052166,-0.067201,9.560690
7.391321,0.031523,-0.315901,0.027023,0.027367,0.005609,0.001133,0.332648,0.577029,0.785824,0.000000,3.974780,0.037889,-0.385999,0.223966,0.013540,0.002457,1.000678,0.000000,0.000000,0.000000,1.104352,-1.742617,2.631635,0.053330,0.088314,9.501121
7.442661,0.031258,-0.315955,0.027011,0.026652,0.004676,0.001196,0.332213,0.572104,0.780090,0.000000,3.974780,0.373185,1.116423,-0.425498,0.019601,0.015817,1.003949,0.000000,0.000000,0.000000,0.823986,-0.028066,-1.213012,0.155402,0.101366,9.542275
7.491305,0.031258,-0.315953,0.027015,0.026784,0.004537,0.001843,0.327734,0.562284,0.774445,0.000000,3.974780,-0.669521,0.023377,-0.605928,0.015922,0.012107,0.995074,0.000000,0.000000,0.000000,5.234870,5.691061,-2.390782,0.081144,0.077417,9.521308
7.541477,0.031264,-0.315955,0.027018,0.027702,0.004808,0.002092,0.315713,0.567676,0.772048,0.000000,3.974780,-1.544059,-0.969592,0.788404,0.009209,0.000619,1.001073,0.000000,0.000000,0.000000,-3.723246,-0.575532,-1.825016,-0.003113,-0.048118,9.532328
7.591475,0.031264,-0.315951,0.027018,0.027173,0.005627,0.001645,0.314974,0.555674,0.769393,0.000000,3.974780,0.496939,-0.035541,0.568001,0.028622,-0.000972,1.005331,0.000000,0.000000,0.000000,-10.050192,-10.073221,1.358136,0.196581,-0.012541,9.574925
7.642489,0.031264,-0.315949,0.027017,0.026706,0.005403,0.001442,0.318445,0.550125,0.759713,0.000000,3.974780,1.317318,1.476373,-0.043816,0.034278,0.005353,1.001904,0.000000,0.000000,0.000000,5.558523,2.582358,0.060529,0.190628,0.079670,9.569377
7.691332,0.031266,-0.315955,0.027014,0.027684,0.004007,0.001790,0.307973,0.560772,0.755284,0.000000,3.974780,-0.118672,0.200788,-0.618115,0.011151,0.025456,0.999372,0.000000,0.000000,0.000000,7.639012,5.483247,1.792027,-0.021362,0.120940,9.485124
7.740282,0.031267,-0.315956,0.027020,0.027738,0.004252,0.002218,0.298155,0.566857,0.751619,0.000000,3.974780,-0.818329,-1.351393,-0.643498,0.011124,0.012717,0.999726,0.000000,0.000000,0.000000,-3.691056,-0.520699,-0.914527,0.022881,0.000461,9.545624
7.791559,0.031264,-0.315956,0.027022,0.027167,0.005228,0.002380,0.299494,0.563365,0.750169,0.000000,3.969501,-0.144899,0.674132,-0.042858,0.018796,-0.000398,1.003672,0.000000,0.000000,0.000000,-6.457284,-0.572996,-3.857234,0.078150,-0.087173,9.598477
7.842480,0.031264,-0.315952,0.027023,0.027380,0.005755,0.002264,0.295900,0.562762,0.752401,0.000000,3.974780,0.507771,0.009124,1.311343,0.013486,-0.001151,1.001924,0.000000,0.000000,0.000000,2.342630,1.903476,2.172604,0.076949,-0.015875,9.556692
7.892439,0.031264,-0.315949,0.027021,0.027352,0.005530,0.002163,0.288114,0.560023,0.748444,0.000000,3.974780,0.050511,-0.538608,0.444514,0.019234,0.008761,0.999055,0.000000,0.000000,0.000000,1.276501,-2.905599,5.340714,0.101859,0.157852,9.510778
7.942366,0.031264,-0.315946,0.027023,0.026016,0.005399,0.002751,0.281529,0.551905,0.738330,-0.000149,3.874487,2.048429,1.534241,0.076205,0.045389,0.003471,1.013093,0.000000,0.000000,0.000000,-1.868122,-17.852169,18.164093,0.180100,0.209247,9.509639
7.992298,0.031195,-0.315975,0.027032,0.017888,0.001611,0.002966,0.328003,0.474909,0.722971,-0.000089,3.589443,-0.522719,-0.404567,-0.772445,0.011083,0.013989,1.013113,0.000000,0.000000,0.000000,0.341692,-11.234966,6.117450,0.307330,0.012330,6.870206
8.041390,0.031131,-0.316010,0.027102,0.011730,-0.002005,0.019755,0.362835,0.380037,0.680922,-0.000149,3.663343,-7.231413,12.706514,-3.317053,0.013547,-0.004403,1.191128,0.000000,0.000000,0.000000,2.037490,-1.350623,-2.013852,0.222605,0.042232,1.775535
8.091355,0.032004,-0.316026,0.031067,0.014127,-0.002118,0.138133,-0.247961,-0.503214,0.533312,-0.000779,3.689736,-26.922693,25.261129,-2.146747,0.024828,0.003204,1.273239,0.000000,0.000000,0.000000,-3.480974,-30.170168,2.098149,0.199198,-0.121630,1.351153
8.141491,0.033108,-0.315953,0.042636,0.027673,0.007777,0.269265,-1.047660,-1.357433,0.429198,-0.000168,3.731965,20.327230,-32.053368,0.053904,0.023892,0.002919,1.200752,0.000000,0.000000,0.000000,-0.413294,-23.234392,5.048259,0.260431,0.024815,0.951400
8.191322,0.034049,-0.316802,0.058103,0.030604,0.007068,0.354264,0.127378,0.181642,0.306853,0.000314,3.753079,32.528931,-21.453354,-3.355128,0.016317,-0.011940,1.120652,0.000000,0.000000,0.000000,7.852800,8.727945,-3.617889,0.296793,-0.039466,0.484226
8.240431,0.035117,-0.317908,0.076970,0.022225,-0.007788,0.400817,1.555280,1.095024,0.179450,0.000008,3.758358,-1.740152,-7.116725,-3.168715,0.016739,-0.006369,1.068823,0.000000,0.000000,0.000000,-29.875195,5.391832,1.562038,0.127359,-0.104900,0.067215
8.291453,0.036239,-0.319264,0.097395,0.011936,-0.023523,0.426090,1.196555,1.327385,0.010482,-0.000098,3.747801,-33.736141,8.891875,-1.654253,0.019358,-0.011167,1.040072,0.000000,0.000000,0.000000,-14.128024,17.749237,1.665285,0.155683,-0.036770,-0.212273
8.341364,0.037006,-0.321009,0.119203,0.004430,-0.026723,0.441126,-0.586111,0.757380,-0.139529,-0.000410,3.742522,-30.681103,13.874865,-3.706661,0.021695,0.007644,1.027835,0.000000,0.000000,0.000000,-0.246020,-6.817194,-1.976906,0.231762,-0.071152,-0.408279
8.391409,0.037983,-0.322635,0.141157,0.004010,-0.017042,0.450260,-1.651818,0.302629,-0.244390,-0.000193,3.737243,-9.795463,-1.699194,-3.322451,0.020736,-0.003404,1.018549,0.000000,0.000000,0.000000,1.043445,3.555930,-3.333649,0.252177,0.016960,-0.601220
8.441306,0.038790,-0.323935,0.163772,0.003870,-0.002464,0.465573,-2.227624,0.334403,-0.416013,-0.000217,3.721408,-17.187284,-4.316727,-2.137891,0.029127,0.002317,1.052115,0.000000,0.000000,0.000000,-1.717375,-19.002035,0.025934,0.211300,-0.055830,-0.911983
8.491381,0.039012,-0.323863,0.187379,0.000891,0.020951,0.493343,-3.005657,0.442937,-0.478606,-0.000115,3.716129,-5.861280,-5.804537,-1.151292,0.018368,0.006473,1.091280,0.000000,0.000000,0.000000,8.225520,23.487453,-23.600178,0.295351,0.004528,-0.899209
8.540339,0.039977,-0.323120,0.213120,-0.000844,0.046512,0.535761,-3.078932,0.730144,-0.536821,-0.000009,3.710850,18.547461,-11.269769,-0.691318,0.033396,-0.001724,1.087167,0.000000,0.000000,0.000000,9.428587,-11.358421,-0.187312,0.246830,0.007970,-0.920630
8.591573,0.039864,-0.321071,0.240938,-0.009675,0.066655,0.578804,-2.068074,1.160863,-0.559186,0.000029,3.710850,23.207863,-2.982381,-0.510034,0.023729,-0.003375,1.085280,0.000000,0.000000,0.000000,3.874745,25.547716,-7.952833,0.355447,-0.077600,-0.763444
8.641451,0.040854,-0.319469,0.271107,-0.014044,0.071230,0.622502,-0.797428,1.055145,-0.591547,-0.000238,3.716129,23.803284,16.513153,-3.072165,0.021424,-0.004028,1.087033,0.000000,0.000000,0.000000,14.838002,-5.573923,-3.301587,0.253571,-0.087632,-0.810584
8.690384,0.040839,-0.316978,0.302924,-0.017299,0.067384,0.659653,0.477706,0.458014,-0.655011,-0.000285,3.716129,24.798214,10.088051,-1.892674,0.029884,-0.005891,1.067903,0.000000,0.000000,0.000000,9.063764,0.498729,-2.803314,0.270824,-0.096505,-0.778721
8.741487,0.040844,-0.315729,0.336895,-0.015521,0.049600,0.690457,1.685195,0.013427,-0.671021,-0.000300,3.721408,16.010338,3.229066,-2.820196,0.026311,-0.002812,1.054276,0.000000,0.000000,0.000000,-2.757123,15.140866,-10.760862,0.280090,-0.058161,-0.882291
8.790336,0.041880,-0.314736,0.372074,-0.008096,0.027136,0.713614,2.239562,-0.196607,-0.730353,-0.000408,3.726686,-7.246265,1.928927,-1.131059,0.021334,-0.001265,1.043559,0.000000,0.000000,0.000000,-2.473959,-13.019942,-4.589965,0.198660,0.000439,-0.956300
8.841293,0.041944,-0.314892,0.407748,-0.005212,0.005793,0.730076,1.745990,-0.063387,-0.799488,-0.000101,3.731965,-20.437851,-17.958157,-1.672921,0.019330,0.008489,1.025495,0.000000,0.000000,0.000000,0.742113,-9.739421,4.678405,0.196721,0.052485,-0.796041
8.891279,0.042840,-0.315020,0.444221,-0.004816,-0.004361,0.738167,0.708569,0.836659,-0.857443,0.000182,3.731965,-17.880075,-22.947973,-0.000092,0.010001,0.007155,1.011747,0.000000,0.000000,0.000000,13.857930,-13.178358,-7.397703,0.228138,0.040672,-0.807730
8.940434,0.042882,-0.315563,0.481246,-0.015433,-0.006684,0.740738,-0.169966,1.807518,-0.870455,0.000172,3.737243,-12.393678,-6.465869,0.438076,0.017114,0.000608,0.992829,0.000000,0.000000,0.000000,5.096646,-8.835550,2.385972,0.157224,0.024601,-0.813520
8.990452,0.041792,-0.316029,0.518224,-0.032112,-0.002870,0.736818,-0.664324,2.088907,-0.904324,0.000234,3.737243,-4.018450,5.533990,-1.280045,0.015723,-0.001570,0.980497,0.000000,0.000000,0.000000,7.268740,37.431053,0.604215,0.214530,0.034063,-0.795528
9.040509,0.040852,-0.316953,0.554772,-0.044299,0.000170,0.727743,-0.752785,1.682022,-0.952803,-0.000051,3.737243,1.130915,15.518282,-0.046735,0.029129,-0.002795,0.971248,0.000000,0.000000,0.000000,0.235969,18.845686,1.627509,0.192877,-0.030012,-0.713818
9.090452,0.039657,-0.316958,0.590910,-0.049633,0.005640,0.713243,-0.656985,0.858918,-0.976487,-0.000195,3.742522,3.186228,18.119205,0.140665,0.027677,0.001004,0.961405,0.000000,0.000000,0.000000,-17.449427,-0.541263,8.497992,0.270186,0.055326,-0.778458
9.142285,0.038050,-0.317760,0.625976,-0.048623,0.006009,0.691518,-0.471593,-0.029702,-0.970533,-0.000209,3.747801,6.111041,12.595810,0.020874,0.019183,-0.013006,0.960270,0.000000,0.000000,0.000000,8.924702,-30.299194,4.834350,0.260690,-0.001847,-0.801383
9.189468,0.036396,-0.317861,0.659602,-0.043075,0.006917,0.665965,-0.227132,-0.609081,-0.955226,-0.000092,3.747801,-2.636750,7.339667,-0.186781,0.017294,0.000584,0.947198,0.000000,0.000000,0.000000,-14.134292,14.653687,2.776874,0.198637,-0.085088,-0.618169
9.241367,0.035725,-0.317415,0.692127,-0.031400,0.009590,0.639050,-0.401222,-1.042778,-0.977588,-0.000156,3.747801,-10.569821,5.039893,0.181802,0.023597,-0.002016,0.939029,0.000000,0.000000,0.000000,-8.927153,-0.325458,-1.148224,0.248271,-0.076939,-0.701473
9.291420,0.034830,-0.316883,0.723656,-0.020424,0.015158,0.611562,-0.958559,-1.158969,-0.970982,-0.000091,3.747801,-9.201404,-5.091197,0.957952,0.019171,-0.010668,0.942705,0.000000,0.000000,0.000000,6.105868,5.201717,-0.362111,0.142012,-0.021645,-0.664577
9.340370,0.034884,-0.316038,0.753125,-0.009283,0.024307,0.579405,-1.249048,-0.872661,-0.938839,0.000012,3.753079,7.995989,-10.288285,0.147513,0.006922,-0.001715,0.930932,0.000000,0.000000,0.000000,5.839139,15.359862,-3.632835,0.185871,-0.079491,-0.650021
9.390304,0.034955,-0.315740,0.781175,-0.003161,0.028503,0.543542,-0.770927,-0.381367,-0.911289,0.000007,3.753079,18.294891,-9.120646,0.196751,0.010580,0.001150,0.929655,0.000000,0.000000,0.000000,9.462509,-2.625538,0.033023,0.075153,-0.004378,-0.658149
9.440414,0.034983,-0.314744,0.807088,-0.001513,0.028389,0.504263,0.195217,0.012735,-0.893778,0.000024,3.753079,18.657856,-4.765005,-0.332921,0.019899,-0.000431,0.920305,0.000000,0.000000,0.000000,1.515398,8.426132,3.532344,0.078601,0.073816,-0.516986
9.490439,0.034978,-0.313893,0.830996,-0.002659,0.021099,0.462250,1.050265,0.260184,-0.863714,-0.000006,3.753079,6.491240,-4.740345,2.072348,0.013722,-0.000607,0.913513,0.000000,0.000000,0.000000,-7.903673,2.749973,-0.254474,0.206339,0.024519,-0.553332
9.539351,0.034960,-0.313884,0.853155,-0.004796,0.008927,0.421224,1.252385,0.369350,-0.826077,0.000019,3.753079,-3.474630,-1.008815,1.071154,0.013736,0.001463,0.915963,0.000000,0.000000,0.000000,-9.839958,21.833174,-3.126339,0.124590,0.013729,-0.559818
9.591473,0.034937,-0.313082,0.873102,-0.007331,0.001991,0.379273,1.023475,0.496086,-0.775162,0.000085,3.753079,-5.754992,-1.552312,-0.932600,0.008796,0.010267,0.918864,0.000000,0.000000,0.000000,-0.198838,10.697886,-7.076871,0.260374,0.027910,-0.561403
9.639471,0.034908,-0.313999,0.891143,-0.010450,-0.007960,0.338973,0.850024,0.610345,-0.796005,0.000070,3.753079,-2.414739,3.036298,-1.520394,0.020347,-0.000166,0.915684,0.000000,0.000000,0.000000,10.127536,2.892800,-5.264287,0.201546,0.083633,-0.442544
9.691324,0.033880,-0.314109,0.907843,-0.016445,-0.012600,0.302189,0.694688,0.590422,-0.819061,0.000108,3.753079,-9.058782,7.631846,-1.074434,0.018120,0.004847,0.917914,0.000000,0.000000,0.000000,-6.468914,-7.410084,6.728096,0.168666,0.067292,-0.393950
9.739470,0.033835,-0.315131,0.921845,-0.017234,-0.016819,0.260876,0.187346,0.300873,-0.874594,-0.000023,3.753079,-14.911952,8.745659,0.982389,0.025016,0.007216,0.917907,0.000000,0.000000,0.000000,-14.415531,7.560649,-0.882016,0.241356,-0.063750,-0.447355
9.789318,0.032882,-0.316035,0.933990,-0.017865,-0.015121,0.221315,-0.621357,-0.136704,-0.851823,-0.000092,3.753079,-13.361778,5.430040,1.424095,0.013465,0.013718,0.924617,0.000000,0.000000,0.000000,5.087434,9.231649,-6.073404,0.253564,0.021411,-0.428158
9.841409,0.032866,-0.316078,0.943943,-0.012366,-0.005481,0.184653,-1.181763,-0.478253,-0.866743,-0.000104,3.753079,-0.365691,8.298000,0.451505,0.021062,0.008030,0.920964,0.000000,0.000000,0.000000,6.949670,-7.559130,7.792063,0.195925,0.116587,-0.395839
9.891429,0.031926,-0.316890,0.952865,-0.008943,0.000770,0.151335,-1.008230,-0.666704,-0.851267,-0.000130,3.747801,11.344671,0.916853,-0.064219,0.010912,0.005679,0.930450,0.000000,0.000000,0.000000,0.459665,-6.006640,7.213658,0.240740,0.102662,-0.415083
9.942347,0.031961,-0.316957,0.959702,-0.002153,0.005105,0.119373,-0.415759,-0.732241,-0.857272,-0.000148,3.747801,9.506194,-2.749254,-0.506939,0.025961,-0.005438,0.937916,0.000000,0.000000,0.000000,2.999747,-12.457591,3.202065,0.122782,0.019767,-0.411945
9.990388,0.032019,-0.316174,0.964960,0.003629,0.008386,0.089065,-0.150983,-0.712591,-0.880122,-0.000177,3.742522,-6.866987,-1.094285,-1.041063,0.013007,0.000242,0.948123,0.000000,0.000000,0.000000,-4.402200,-16.504267,5.672944,0.231677,-0.017152,-0.336111
10.040434,0.032066,-0.315913,0.968852,0.008013,0.010435,0.066287,-0.555297,-0.583588,-0.918287,-0.000105,3.737243,-9.327559,-10.275719,0.362234,0.022175,-0.002953,0.956162,0.000000,0.000000,0.000000,2.870431,-19.994785,7.546874,0.141276,-0.009519,-0.322641
10.090316,0.032088,-0.314902,0.971822,0.009377,0.018277,0.048790,-0.955028,-0.177456,-0.905850,0.000022,3.737243,1.890396,-8.140925,0.421797,0.021656,0.004949,0.964792,0.000000,0.000000,0.000000,9.848559,-3.013362,10.627520,0.225050,0.016719,-0.348752
10.141464,0.032076,-0.313829,0.973795,0.006999,0.025317,0.033977,-0.700308,0.272278,-0.907357,0.000035,3.737243,19.139866,-4.555063,-0.407149,0.014151,-0.003102,0.973820,0.000000,0.000000,0.000000,15.707083,-7.175106,-0.150650,0.225013,0.057623,-0.331130
10.190464,0.032039,-0.312872,0.975108,0.002992,0.025284,0.021354,0.246614,0.295521,-0.926582,-0.000126,3.731965,15.996578,4.540482,-0.130196,0.012506,-0.000579,0.977713,0.000000,0.000000,0.000000,-7.577399,-1.910979,-2.019480,0.161940,-0.053487,-0.294168
10.241325,0.033035,-0.312639,0.976232,0.004905,0.016140,0.012275,0.950234,-0.072552,-0.938784,-0.000245,3.731965,1.272260,8.916826,-1.940966,0.024539,-0.000095,0.988356,0.000000,0.000000,0.000000,-8.905851,2.067789,-3.654378,0.106564,-0.014277,-0.305833
10.289436,0.033053,-0.311910,0.976841,0.006031,0.007997,0.008874,0.907957,-0.328784,-0.952743,-0.000109,3.726686,-5.085494,-7.972875,0.758839,0.014810,-0.001270,0.995287,0.000000,0.000000,0.000000,-4.705823,3.517797,-6.073832,0.218969,0.038634,-0.337913
10.341438,0.033056,-0.311018,0.977064,0.005766,0.003075,0.007060,0.657315,0.042031,-0.948989,0.000115,3.726686,-4.518328,-8.439039,-1.193595,0.020676,-0.001217,0.999288,0.000000,0.000000,0.000000,3.082421,5.545526,-7.843643,0.229644,0.003008,-0.342235
10.392382,0.033030,-0.311009,0.977979,0.001771,-0.002151,0.011727,0.550378,0.510059,-0.946118,0.000159,3.721408,-2.042336,-2.650114,-0.400337,0.022131,-0.002200,1.003901,0.000000,0.000000,0.000000,2.646419,7.287174,-6.985109,0.266472,0.021888,-0.334984
10.439427,0.032980,-0.311047,0.978106,-0.003461,-0.005660,0.011104,0.377661,0.548022,-0.948979,-0.000026,3.721408,-5.481002,6.016667,0.938840,0.008642,-0.003625,1.007846,0.000000,0.000000,0.000000,-1.455777,1.702420,4.455730,0.207622,-0.038046,-0.284360
10.491567,0.032359,-0.312060,0.979235,-0.007991,-0.009613,0.016192,0.025773,0.203628,-0.958115,-0.000148,3.721408,-5.638225,9.151629,1.921573,0.018816,0.000886,0.998892,0.000000,0.000000,0.000000,7.492992,3.255264,-4.817273,0.164430,0.007261,-0.229652
10.540479,0.031925,-0.312073,0.980113,-0.007897,-0.006914,0.018234,-0.229694,-0.193608,-0.919360,-0.000091,3.726686,-0.961844,5.365831,-0.416963,0.020694,0.000531,1.002287,0.000000,0.000000,0.000000,5.621607,12.413940,-14.795777,0.257425,-0.049719,-0.308098
10.590467,0.031954,-0.312045,0.981135,-0.003470,-0.003893,0.019814,-0.208970,-0.457977,-0.932924,-0.000106,3.721408,-3.293672,1.457750,-1.782139,0.020061,0.002706,0.997305,0.000000,0.000000,0.000000,0.603356,-0.788664,-3.575034,0.217957,-0.031464,-0.263079
10.641442,0.031998,-0.312019,0.982129,0.001182,-0.001027,0.018897,-0.392384,-0.512370,-0.904552,-0.000137,3.726686,-7.801491,0.888685,-0.411888,0.024216,0.010293,0.987914,0.000000,0.000000,0.000000,6.201288,-4.031769,0.297725,0.197437,0.002117,-0.288391
10.690295,0.031134,-0.311978,0.983051,0.001615,0.003848,0.017634,-0.677478,-0.395656,-0.894574,0.000097,3.721408,6.167682,-8.849440,0.190990,0.021612,0.002201,0.995320,0.000000,0.000000,0.000000,-2.228300,-9.039244,3.244470,0.286544,0.016687,-0.255983
10.740484,0.031021,-0.311939,0.984038,0.001635,0.006985,0.015307,-0.297357,0.077652,-0.850937,0.000052,3.721408,7.581426,-3.058286,-0.496552,0.020373,0.000808,0.990828,0.000000,0.000000,0.000000,-5.922308,0.123331,1.953877,0.174196,-0.055002,-0.208562
10.789397,0.031007,-0.311937,0.984610,0.000336,0.006277,0.010219,0.025312,0.104162,-0.868271,-0.000001,3.721408,0.113368,6.477383,-0.113517,0.020045,0.005211,0.998060,0.000000,0.000000,0.000000,-14.712636,23.601402,-7.906392,0.166523,0.019826,-0.250583
10.840359,0.031005,-0.311953,0.985065,0.000765,0.004540,0.006688,0.024548,-0.160525,-0.856146,-0.000104,3.721408,-1.974394,7.159201,-1.625208,0.029275,0.005152,0.996680,0.000000,0.000000,0.000000,2.646652,-2.262271,-12.664877,0.170430,0.088964,-0.307096
10.889456,0.031021,-0.311963,0.985826,0.002747,0.003631,0.007837,-0.009032,-0.254739,-0.840030,0.000024,3.721408,1.819356,-3.248919,1.731209,0.022743,0.002970,0.999059,0.000000,0.000000,0.000000,-12.935039,3.182031,-0.625454,0.284368,-0.034845,-0.251741
10.939421,0.031030,-0.310973,0.986066,0.003169,0.005596,0.007284,0.121106,-0.021173,-0.833186,0.000156,3.716129,3.516309,-9.874248,0.843282,0.018128,0.000937,1.000577,0.000000,0.000000,0.000000,5.714180,7.587259,5.222580,0.225897,-0.014138,-0.302810
10.989364,0.031015,-0.310965,0.986837,0.000863,0.002976,0.009608,0.229599,0.276988,-0.841208,0.000006,3.716129,-0.142389,3.076015,-0.767484,0.025845,0.002842,0.993163,0.000000,0.000000,0.000000,-5.071534,-3.049980,-2.822253,0.220464,-0.035706,-0.350785
11.039348,0.030993,-0.311958,0.987077,-0.001309,-0.002791,0.008307,0.184376,0.218490,-0.842613,0.000008,3.716129,-4.465914,5.515220,-1.286100,0.018500,0.003684,0.995040,0.000000,0.000000,0.000000,-4.375666,-2.273582,2.849867,0.238513,-0.014005,-0.297997
11.090475,0.030982,-0.312027,0.987976,-0.001879,-0.002775,0.010859,-0.107742,0.020049,-0.864232,-0.000036,3.721408,-6.610923,1.882186,-0.600163,0.022751,0.006464,1.000896,0.000000,0.000000,0.000000,-2.550957,-9.748626,10.151967,0.113439,0.084716,-0.332855
11.141499,0.030987,-0.312011,0.988100,-0.001054,-0.000246,0.010702,-0.362924,-0.084651,-0.914503,0.000044,3.721408,0.713734,-1.021668,0.105840,0.019338,-0.000895,1.001467,0.000000,0.000000,0.000000,2.559688,-2.052732,7.311290,0.245686,-0.067687,-0.197115
11.190420,0.030984,-0.311970,0.989200,-0.000682,0.002194,0.012934,-0.236417,-0.019403,-0.873595,-0.000015,3.721408,5.448785,-3.719795,0.072087,0.016485,0.005277,0.993844,0.000000,0.000000,0.000000,-3.440501,1.459266,5.102166,0.148333,-0.030547,-0.217832
11.240450,0.030993,-0.311978,0.989086,-0.000787,0.002300,0.007962,0.006500,0.040860,-0.922214,0.000056,3.716129,1.137667,0.145373,-0.003533,0.016818,-0.004889,0.988703,0.000000,0.000000,0.000000,-0.776913,18.504871,-7.102689,0.138769,0.061513,-0.356194
11.291466,0.030348,-0.311985,0.990050,-0.002913,0.001368,0.006881,0.015862,-0.073598,-0.945439,-0.000102,3.716129,-8.160048,3.631693,-0.566575,0.020443,0.000200,0.993055,0.000000,0.000000,0.000000,0.307029,-11.236902,3.771689,0.173475,-0.083249,-0.285509
11.340296,0.029985,-0.311980,0.990040,-0.002131,0.002696,0.003381,-0.405953,-0.230150,-0.987363,0.000013,3.716129,-13.132670,0.991280,-0.666671,0.027737,0.001181,0.996479,0.000000,0.000000,0.000000,8.502545,-2.431205,-2.974827,0.189435,0.053119,-0.243841
11.391335,0.029996,-0.311939,0.990010,0.000245,0.008321,0.000418,-1.053549,-0.264708,-0.994446,0.000035,3.716129,-10.793622,-3.826232,0.431170,0.022637,0.005625,1.001342,0.000000,0.000000,0.000000,3.546381,-2.593513,9.322192,0.211125,0.022901,-0.315636
11.440606,0.030012,-0.311343,0.990010,0.001625,0.019690,0.001707,-1.564158,-0.100706,-0.987999,0.000106,3.710850,-4.654716,-0.082212,0.756749,0.019771,-0.003765,0.997781,0.000000,0.000000,0.000000,2.340226,4.562930,6.263401,0.171807,0.100854,-0.319380
11.489462,0.030016,-0.310230,0.990013,0.001747,0.033021,0.000929,-1.762367,-0.037173,-0.967887,-0.000035,3.716129,-1.038524,1.623530,1.020878,0.021800,0.001470,1.002179,0.000000,0.000000,0.000000,16.229788,2.287472,-3.875634,0.195954,-0.062265,-0.298323
11.539486,0.030019,-0.308854,0.991019,0.002244,0.045460,0.004858,-1.734434,-0.161364,-0.983757,-0.000062,3.710850,-0.863383,4.340006,-1.119744,0.025500,0.000037,0.994948,0.000000,0.000000,0.000000,-10.374451,17.709665,-2.980965,0.170514,0.020502,-0.327086
11.590314,0.030034,-0.306752,0.991020,0.004348,0.058034,0.001039,-1.846624,-0.408121,-1.001595,-0.000154,3.710850,-9.361784,-2.764609,0.366436,0.018083,-0.003458,0.992035,0.000000,0.000000,0.000000,-1.865400,-7.843438,2.452676,0.243549,-0.059745,-0.363948
11.639299,0.030058,-0.303140,0.990997,0.006772,0.077422,-0.000768,-2.492673,-0.356956,-1.020551,0.000037,3.710850,-17.333334,-5.297315,-1.520563,0.022316,0.002084,1.004975,0.000000,0.000000,0.000000,-3.624937,17.223829,-8.784532,0.211724,-0.063303,-0.328202
11.689473,0.029098,-0.298995,0.991007,0.003547,0.101927,0.000974,-3.368411,-0.001280,-1.036895,0.000072,3.705572,-15.964488,-6.630934,-2.569929,0.022915,0.007171,1.004878,0.000000,0.000000,0.000000,-0.636738,-11.519458,3.659243,0.237021,-0.041806,-0.261959
11.739337,0.029019,-0.293260,0.991022,0.001174,0.134110,0.002283,-4.105503,0.316738,-1.040583,0.000082,3.710850,-5.257062,-4.511061,-1.314702,0.018957,0.001334,1.006146,0.000000,0.000000,0.000000,-2.066777,-18.339579,11.365088,0.164107,0.026844,-0.250035
11.790377,0.028034,-0.286333,0.991996,-0.005599,0.168080,0.006266,-4.239394,0.435746,-1.074689,0.000011,3.710850,4.857452,5.671717,-1.175962,0.019450,0.000319,0.998730,0.000000,0.000000,0.000000,-3.822175,8.334623,9.247691,0.223637,-0.034422,-0.313398
11.839654,0.027344,-0.277910,0.992099,-0.008273,0.199801,0.005036,-3.951509,-0.014470,-1.140120,-0.000240,3.710850,8.249648,14.259665,0.041792,0.024092,-0.002152,1.003427,0.000000,0.000000,0.000000,2.106829,-13.213881,2.558205,0.202230,-0.033121,-0.363886
11.891467,0.026959,-0.268703,0.992546,-0.004927,0.225224,0.005044,-3.487226,-0.631101,-1.172830,-0.000261,3.705572,9.714655,12.589881,-0.595055,0.021768,-0.011573,1.000735,0.000000,0.000000,0.000000,-7.787356,2.601933,4.926491,0.216522,-0.026082,-0.379727
11.939371,0.026496,-0.257643,0.993004,0.001765,0.249014,0.004999,-3.087696,-1.091565,-1.204165,-0.000278,3.705572,-0.754567,-0.840810,-0.095227,0.020297,-0.011016,0.998496,0.000000,0.000000,0.000000,-2.701667,6.692277,-0.750983,0.218993,-0.058030,-0.350384
11.990437,0.026155,-0.245336,0.993052,0.008929,0.272548,0.001646,-3.229295,-1.026144,-1.188851,-0.000160,3.705572,-16.717106,-7.231541,-0.916428,0.020701,-0.017121,0.996472,0.000000,0.000000,0.000000,-20.004526,-4.977672,3.502233,0.227977,-0.135779,-0.339005
12.040433,0.026119,-0.231948,0.992994,0.013693,0.300272,-0.000931,-4.067283,-0.666665,-1.234850,-0.000049,3.705572,-19.781927,-15.792290,2.280075,0.028379,-0.012734,0.996211,0.000000,0.000000,0.000000,-5.163989,3.748569,-9.218128,0.200514,-0.131314,-0.399460
12.090521,0.026133,-0.216744,0.992981,0.013579,0.337376,-0.001477,-5.101950,-0.002060,-1.203469,0.000030,3.700293,-12.855213,-11.495920,2.697182,0.018688,-0.012879,1.011982,0.000000,0.000000,0.000000,2.780424,23.948610,-13.525510,0.291826,-0.160123,-0.379837
12.140416,0.026029,-0.200511,0.993555,0.007344,0.373111,0.003956,-5.454307,0.584002,-1.140997,0.000043,3.705572,5.353099,-8.168498,1.803345,0.017616,-0.008186,1.009235,0.000000,0.000000,0.000000,5.847402,3.513266,5.416992,0.266449,-0.131619,-0.354157
12.190506,0.025004,-0.181695,0.994045,-0.002890,0.414564,0.004946,-5.073297,0.870000,-1.073084,0.000047,3.705572,9.927909,5.532848,0.406497,0.019159,-0.014464,0.998078,0.000000,0.000000,0.000000,-4.105399,7.804887,2.273378,0.164683,-0.138784,-0.313816
12.240522,0.024033,-0.161614,0.994539,-0.010736,0.448975,0.003800,-4.588270,0.450661,-1.132884,-0.000211,3.705572,7.890608,12.562510,0.573346,0.027591,-0.014946,1.003338,0.000000,0.000000,0.000000,17.832850,10.142006,-8.294379,0.163631,-0.191640,-0.381625
12.290431,0.023806,-0.139176,0.995057,-0.009697,0.483476,0.003543,-4.353552,-0.155816,-1.201038,-0.000299,3.700293,1.241671,7.980285,-0.874868,0.020532,-0.018539,1.002791,0.000000,0.000000,0.000000,-2.185802,-4.837450,9.175522,0.226950,-0.143435,-0.309829
12.341385,0.022941,-0.116660,0.995013,-0.007804,0.510410,0.000343,-4.144383,-0.390205,-1.231231,-0.000052,3.700293,5.560338,3.057130,-4.542348,0.025402,-0.019456,0.992266,0.000000,0.000000,0.000000,5.503466,-8.529471,-6.936656,0.190244,-0.194554,-0.275609
12.390367,0.021979,-0.091364,0.994975,-0.006559,0.540513,-0.001367,-3.843777,-0.248411,-1.265669,0.000008,3.700293,3.068491,-5.479958,-1.419984,0.022890,-0.018383,1.004971,0.000000,0.000000,0.000000,-11.955561,34.273113,-24.664785,0.171613,-0.232735,-0.394998
12.439363,0.021379,-0.065933,0.995990,-0.006139,0.563590,0.002499,-3.492679,0.004755,-1.282097,-0.000040,3.700293,7.370123,-3.143159,-0.151083,0.022853,-0.017538,1.003055,0.000000,0.000000,0.000000,-5.545374,13.006618,-1.328119,0.278637,-0.265449,-0.356713
12.490350,0.020938,-0.040400,0.996008,-0.007021,0.579405,0.000379,-2.971177,0.120320,-1.239143,-0.000224,3.705572,11.541720,7.956237,-3.414292,0.026721,-0.023494,0.997449,0.000000,0.000000,0.000000,20.940380,-22.440414,12.132883,0.173085,-0.118615,-0.337252
12.539293,0.020942,-0.013414,0.995981,-0.005369,0.592168,-0.002808,-2.271436,-0.143918,-1.283036,-0.000370,3.700293,6.424000,6.739340,-0.831243,0.028970,-0.016740,0.991982,0.000000,0.000000,0.000000,-9.672649,-6.747472,1.507351,0.290708,-0.264131,-0.416480
12.591558,0.019970,0.013403,0.995943,-0.005236,0.598067,-0.006710,-1.893363,-0.327794,-1.289739,-0.000231,3.700293,3.029788,-6.710344,0.539455,0.030655,-0.024965,0.997937,0.000000,0.000000,0.000000,-10.925413,-15.029494,5.180120,0.231948,-0.188573,-0.379215
12.639299,0.019934,0.041706,0.995329,-0.002977,0.606651,-0.008851,-1.808248,-0.040161,-1.264074,-0.000108,3.700293,-3.338176,-8.710260,1.006852,0.024455,-0.016498,1.002766,0.000000,0.000000,0.000000,4.156117,-3.725275,2.895010,0.286100,-0.248281,-0.368428
12.690449,0.019966,0.069670,0.994944,-0.004094,0.613730,-0.006953,-1.952628,0.414777,-1.206890,-0.000059,3.700293,0.081416,-5.889748,-0.352720,0.026935,-0.028146,1.007100,0.000000,0.000000,0.000000,-5.145316,12.836181,-8.136069,0.192783,-0.160345,-0.406684
12.740303,0.019063,0.098927,0.994938,-0.011212,0.623677,-0.001964,-1.722971,0.724187,-1.171391,-0.000021,3.695015,9.979983,-3.214929,0.532969,0.024154,-0.026151,1.003961,0.000000,0.000000,0.000000,0.018168,12.930623,0.390464,0.270455,-0.266755,-0.394885
12.789494,0.018713,0.127609,0.994980,-0.016607,0.625964,-0.000983,-1.058212,0.758327,-1.159077,-0.000227,3.700293,11.555977,8.041134,-0.593148,0.025750,-0.031039,1.001202,0.000000,0.000000,0.000000,3.498420,10.548221,-5.391488,0.235507,-0.307705,-0.417763
12.839428,0.018663,0.156518,0.994991,-0.017669,0.623731,-0.000607,-0.481233,0.288771,-1.177996,-0.000410,3.695015,6.536919,7.902065,-0.524651,0.029995,-0.029182,0.994813,0.000000,0.000000,0.000000,7.932021,-12.555591,14.216091,0.280089,-0.230319,-0.378311
12.890518,0.018334,0.184436,0.995434,-0.016958,0.614603,0.000407,-0.027297,0.033293,-1.207044,-0.000201,3.700293,12.444599,-5.574231,-1.991262,0.023377,-0.020203,0.995243,0.000000,0.000000,0.000000,7.981584,-14.923626,6.944465,0.337075,-0.290220,-0.524961
12.939417,0.017677,0.212761,0.995958,-0.018533,0.604233,-0.001578,0.523668,0.430235,-1.212153,-0.000027,3.695015,8.481295,-6.844898,-1.720423,0.032777,-0.029296,0.985981,0.000000,0.000000,0.000000,14.093947,12.596328,-9.108935,0.224121,-0.181034,-0.379048
12.991481,0.017616,0.240500,0.995865,-0.020989,0.589789,-0.003890,1.078969,0.802716,-1.216055,-0.000058,3.695015,12.622255,-8.006597,1.413126,0.021783,-0.017077,0.996105,0.000000,0.000000,0.000000,6.903393,12.723402,-8.089583,0.299235,-0.243920,-0.531569
13.041369,0.016559,0.266019,0.994871,-0.027982,0.558973,-0.008315,1.913544,0.974964,-1.178586,-0.000154,3.695015,13.769414,7.750500,-0.505084,0.032749,-0.026955,0.996584,0.000000,0.000000,0.000000,2.598251,-10.720570,3.629080,0.214171,-0.210600,-0.398031
13.091417,0.015755,0.291374,0.994929,-0.032471,0.532210,-0.007659,2.628847,0.613159,-1.120747,-0.000336,3.695015,9.720449,10.910149,1.077820,0.025861,-0.028926,0.999601,0.000000,0.000000,0.000000,-21.350018,-3.907513,-1.449658,0.231289,-0.164880,-0.452081
13.140932,0.015403,0.315444,0.993903,-0.030163,0.501914,-0.011724,2.920926,0.025148,-1.066735,-0.000334,3.695015,-1.767898,8.695522,-2.796970,0.018752,-0.015345,1.000019,0.000000,0.000000,0.000000,11.256536,-17.841202,10.740653,0.263153,-0.202068,-0.487768
13.191422,0.014758,0.337565,0.993903,-0.026885,0.469804,-0.009614,2.806740,-0.048966,-1.077888,-0.000186,3.689736,-7.725502,-2.881244,1.110083,0.026205,-0.013244,1.004871,0.000000,0.000000,0.000000,7.416527,-13.512173,6.351181,0.213734,-0.171052,-0.530346
13.239445,0.013522,0.359710,0.992931,-0.027484,0.444904,-0.009211,2.544528,0.239699,-1.069356,-0.000141,3.695015,-1.574797,-12.993803,5.347917,0.025346,-0.020651,1.010499,0.000000,0.000000,0.000000,12.630586,-19.946735,6.238583,0.227258,-0.118659,-0.461627
13.290293,0.012686,0.379736,0.992897,-0.029734,0.417717,-0.004352,2.692783,0.568956,-1.028213,-0.000028,3.689736,10.368648,-6.294787,2.576599,0.024129,-0.025385,1.005361,0.000000,0.000000,0.000000,-0.705076,-9.584612,4.780055,0.239529,-0.074166,-0.456851
13.339338,0.012416,0.398947,0.992955,-0.031066,0.388692,-0.002091,3.345563,0.605883,-0.994391,-0.000087,3.689736,19.346516,0.540529,2.930225,0.020262,-0.021869,1.004598,0.000000,0.000000,0.000000,-9.795790,8.629372,-2.283625,0.208697,-0.217188,-0.498119
13.388454,0.011381,0.415616,0.992035,-0.033523,0.349881,-0.004072,4.166339,0.354191,-0.937272,-0.000223,3.689736,8.776634,12.858695,-2.182939,0.021974,-0.012786,1.000331,0.000000,0.000000,0.000000,-18.971018,-1.439862,1.039352,0.263865,-0.087877,-0.527424
13.440410,0.010818,0.430169,0.991970,-0.030531,0.305679,-0.003288,4.608590,-0.139327,-0.896507,-0.000350,3.689736,1.256015,7.104036,1.381435,0.022390,-0.016964,1.001678,0.000000,0.000000,0.000000,-2.029700,-7.452342,4.926641,0.262876,-0.079004,-0.541016
13.489425,0.009986,0.444020,0.991972,-0.025939,0.265129,-0.002769,4.463202,-0.450953,-0.876584,-0.000259,3.689736,-10.706278,-0.381446,1.138336,0.019513,-0.009540,1.006759,0.000000,0.000000,0.000000,-6.171106,0.223011,1.142357,0.272246,-0.155443,-0.528134
13.539348,0.009591,0.456119,0.991968,-0.020321,0.229359,-0.000625,3.797715,-0.308111,-0.911773,-0.000139,3.689736,-17.755142,-7.758153,-0.245376,0.023390,-0.011144,1.009547,0.000000,0.000000,0.000000,-4.487301,-0.745058,1.203831,0.301087,-0.059572,-0.492366
13.590422,0.008934,0.467029,0.992022,-0.019555,0.202026,0.003345,3.016962,0.234072,-0.939211,0.000124,3.689736,-8.399379,-9.446808,1.713405,0.020627,-0.006007,1.002588,0.000000,0.000000,0.000000,-14.039525,29.936514,-5.579718,0.236525,-0.170655,-0.458678
13.639391,0.008805,0.475962,0.992639,-0.021144,0.176802,0.009019,2.707325,0.651489,-0.945170,0.000083,3.689736,6.811766,-5.451953,-1.536410,0.020849,0.001306,1.004939,0.000000,0.000000,0.000000,1.239321,6.875784,-3.545127,0.204607,-0.041465,-0.412982
13.689546,0.007543,0.484479,0.993174,-0.027971,0.153544,0.010447,3.019126,0.766282,-0.955710,0.000014,3.689736,6.512163,3.931928,1.990792,0.014151,-0.003570,1.003827,0.000000,0.000000,0.000000,-0.088679,-2.460889,-4.265471,0.267277,0.001128,-0.457392
13.738414,0.006414,0.491211,0.993715,-0.032389,0.124651,0.010563,3.318074,0.465316,-0.922874,-0.000136,3.689736,-1.024436,9.057364,0.465613,0.028699,-0.009110,1.005444,0.000000,0.000000,0.000000,-1.654447,4.682024,-10.060272,0.174799,-0.028842,-0.443941
13.788326,0.005822,0.496991,0.994100,-0.030339,0.097701,0.010985,3.278927,0.040814,-0.904711,-0.000244,3.689736,-2.157733,2.931587,0.718935,0.024003,-0.008650,1.010612,0.000000,0.000000,0.000000,-0.675545,-19.748081,10.149117,0.298502,-0.111418,-0.374615
13.839634,0.004566,0.501605,0.994740,-0.027598,0.072656,0.012155,3.074367,-0.325741,-0.914437,-0.000063,3.689736,-5.175637,5.608617,-2.056817,0.029701,-0.004434,0.992519,0.000000,0.000000,0.000000,-7.067057,0.930825,-2.923150,0.288964,0.015923,-0.371535
13.889426,0.003898,0.505651,0.995096,-0.021499,0.052114,0.009578,2.802946,-0.555117,-0.956826,-0.000132,3.689736,-6.753896,4.942127,-0.727312,0.023669,-0.011260,1.003342,0.000000,0.000000,0.000000,6.616731,-7.227828,-0.317940,0.326438,-0.018990,-0.389571
13.939440,0.003694,0.508079,0.995162,-0.014065,0.031909,0.007513,2.480741,-0.636226,-0.987351,-0.000107,3.689736,-7.023698,2.144955,-1.629871,0.021388,0.007359,1.002231,0.000000,0.000000,0.000000,1.051976,-8.813251,-0.570444,0.276301,-0.033071,-0.335219
13.988419,0.002835,0.510102,0.996178,-0.009980,0.016572,0.010909,2.073086,-0.577262,-1.040918,-0.000093,3.689736,-8.042781,-1.915138,-1.653530,0.018550,0.005627,0.999043,0.000000,0.000000,0.000000,0.489475,13.654225,5.039855,0.247353,0.068640,-0.377462
14.039388,0.002947,0.511963,0.996085,-0.004157,0.007065,0.008551,1.585452,-0.477525,-1.102251,0.000005,3.689736,-10.264346,-3.335670,-1.900561,0.023429,0.002101,1.002834,0.000000,0.000000,0.000000,-6.814608,18.231611,-8.725097,0.197277,-0.027735,-0.469855
14.090313,0.002962,0.512917,0.996688,-0.001333,-0.000217,0.009641,1.130940,-0.231432,-1.165784,0.000087,3.689736,-5.283541,-7.651731,-1.964566,0.020097,0.003267,0.992842,0.000000,0.000000,0.000000,-2.540672,7.472484,-4.487451,0.245598,-0.011544,-0.417054
14.139557,0.002969,0.513895,0.997186,-0.002067,-0.004097,0.010230,0.896952,0.207028,-1.217011,0.000091,3.689736,0.923609,-3.082859,-0.566292,0.017479,0.003116,0.998911,0.000000,0.000000,0.000000,-1.181509,15.351501,-11.758863,0.177583,-0.007935,-0.419596
14.189462,0.002963,0.514886,0.997073,-0.004658,-0.007083,0.006720,0.945229,0.403451,-1.202378,-0.000085,3.689736,5.053635,0.981411,0.866202,0.025155,0.004339,0.999187,0.000000,0.000000,0.000000,8.766388,-13.424407,-3.566203,0.157629,0.039588,-0.378302
14.238436,0.001974,0.514880,0.998049,-0.009826,-0.014595,0.007621,1.206878,0.340167,-1.203682,-0.000087,3.689736,1.716207,9.650318,-1.814583,0.030089,-0.000893,0.997903,0.000000,0.000000,0.000000,-12.973536,-5.015979,7.414852,0.229064,0.115394,-0.320176
14.290303,0.001912,0.514808,0.998057,-0.008870,-0.022020,0.005506,1.262515,-0.024937,-1.252124,-0.000132,3.684458,-8.702964,8.513048,-1.209802,0.027411,0.000190,0.996648,0.000000,0.000000,0.000000,-0.169693,-1.188616,-12.098104,0.244719,0.059735,-0.384683
14.340450,0.001168,0.515760,0.998038,-0.007627,-0.022340,0.003388,0.805239,-0.394390,-1.272487,-0.000124,3.689736,-12.293758,0.025235,-1.229482,0.030079,-0.001698,0.994438,0.000000,0.000000,0.000000,-10.040208,12.474115,2.445761,0.190316,-0.012353,-0.413423
14.388442,0.000957,0.515790,0.998031,-0.004117,-0.021119,0.003219,0.221204,-0.396093,-1.319461,0.000069,3.684458,-2.623959,-6.291931,-0.107964,0.018424,0.006310,1.006783,0.000000,0.000000,0.000000,10.916486,-16.762203,8.316041,0.298384,0.055647,-0.371341
14.438528,0.000005,0.515814,0.998042,-0.005556,-0.018559,0.005044,0.122802,-0.111468,-1.340728,0.000046,3.684458,6.648127,2.260518,-0.543076,0.023602,0.009420,0.997824,0.000000,0.000000,0.000000,8.761189,0.848882,-5.189739,0.244614,0.024538,-0.414189
14.489348,-0.000041,0.515827,0.998873,-0.003814,-0.018096,0.005899,0.446686,-0.183905,-1.327161,-0.000104,3.689736,10.101941,7.618406,-2.701964,0.020156,0.005389,0.992743,0.000000,0.000000,0.000000,-0.432574,10.517954,-6.847315,0.239086,0.053512,-0.397635
14.539376,-0.000023,0.515596,0.998063,0.000301,-0.022287,-0.000770,0.887029,-0.601498,-1.349657,-0.000191,3.684458,2.940369,5.325973,-0.829709,0.021886,0.005030,0.990457,0.000000,0.000000,0.000000,-5.668128,9.835444,5.303323,0.234639,0.005853,-0.419424
14.588504,0.000095,0.515509,0.997961,0.006926,-0.026867,-0.002172,0.994432,-0.890662,-1.337561,-0.000222,3.684458,-8.009638,0.257787,-1.001900,0.027620,0.007908,0.999053,0.000000,0.000000,0.000000,-4.185361,-9.062139,-5.535052,0.196863,0.094439,-0.338463
14.640434,-0.000822,0.515463,0.997975,0.009012,-0.028078,-0.000721,0.565568,-0.735600,-1.354637,-0.000061,3.684458,-9.485407,-10.411576,-1.106921,0.031842,-0.004630,1.009137,0.000000,0.000000,0.000000,-1.998655,-20.050316,4.554563,0.309918,0.101416,-0.305276
14.689286,-0.000808,0.516445,0.999072,0.010082,-0.021200,0.008425,0.014325,-0.231189,-1.340044,0.000121,3.684458,-0.266491,-7.383684,1.402954,0.023037,0.015765,1.004991,0.000000,0.000000,0.000000,-9.752067,15.479121,-2.922753,0.251557,0.062168,-0.242363
14.738409,-0.001939,0.516833,0.999082,0.004088,-0.016226,0.007861,0.010890,0.129307,-1.347588,0.000054,3.684458,12.200524,7.597173,1.323047,0.018827,0.003146,0.993205,0.000000,0.000000,0.000000,-0.794702,3.863414,1.975016,0.204808,0.112301,-0.281091
14.789402,-0.002733,0.516141,0.999106,0.000798,-0.019629,0.004983,0.611560,-0.092593,-1.314094,-0.000159,3.684458,15.230451,11.980955,0.227381,0.019300,0.005236,0.998567,0.000000,0.000000,0.000000,5.631049,-4.121133,4.099128,0.242191,0.072914,-0.336388
15.055208,-0.002943,0.515528,0.999062,0.004098,-0.027296,0.001981,0.611560,-0.092593,-1.314094,-0.000159,3.684458,15.230451,11.980955,0.227381,0.019300,0.005236,0.998567,0.000000,0.000000,0.000000,5.631049,-4.121133,4.099128,0.237042,-0.002890,-0.299641
15.056591,-0.003877,0.515706,0.999003,0.008599,-0.031674,-0.000178,1.218161,-0.696092,-1.270975,-0.000264,3.684458,-0.726206,10.452600,-0.213589,0.016679,0.002223,0.991741,0.000000,0.000000,0.000000,-2.544871,10.095176,-2.559821,0.052497,0.028883,-0.270218
15.058266,-0.003714,0.515383,0.999008,0.016860,-0.031344,0.000237,1.112626,-1.174361,-1.261375,-0.000251,3.679179,-16.856646,-0.476388,1.677395,0.029776,0.017004,1.001509,0.000000,0.000000,0.000000,-9.932696,-10.144962,12.105023,0.211835,0.085908,-0.326587
15.060448,-0.004723,0.514789,0.999020,0.016091,-0.026135,0.002682,0.285556,-1.167308,-1.238621,0.000032,3.684458,-13.108508,-11.404144,-0.536717,0.023972,0.007201,1.006577,0.000000,0.000000,0.000000,5.449963,-12.734145,-8.277030,0.186083,0.102275,-0.276523
15.062182,-0.004701,0.514587,0.999882,0.014651,-0.019935,0.007180,-0.382493,-0.596186,-1.228528,0.000213,3.684458,2.170904,-10.041361,-0.580496,0.023445,0.000285,1.008523,0.000000,0.000000,0.000000,7.535812,17.877506,-6.099350,0.166650,0.079427,-0.351449
15.092848,-0.004750,0.514652,1.000117,0.012727,-0.017995,0.005485,0.288727,-0.124576,-1.137796,-0.000083,3.684458,10.570454,9.868682,-0.381576,0.033626,-0.006151,0.992691,0.000000,0.000000,0.000000,-13.819095,7.255050,-3.883446,0.171161,0.086347,-0.288160
15.139418,-0.004741,0.513619,1.000056,0.014290,-0.024233,0.002147,0.837524,-0.581418,-1.127021,-0.000195,3.684458,-0.304790,11.572740,-1.445524,0.025776,-0.001644,0.994301,0.000000,0.000000,0.000000,-1.453925,-4.951389,5.294910,0.298887,0.054773,-0.273375
15.191484,-0.005202,0.513490,1.000009,0.016731,-0.027491,0.000154,0.845196,-0.892152,-1.150134,-0.000144,3.679179,-12.368507,-1.433033,-1.846108,0.025997,-0.001588,1.000432,0.000000,0.000000,0.000000,0.999627,-15.523208,-8.306094,0.227526,0.029461,-0.358074
15.242251,-0.005645,0.513492,0.998998,0.018682,-0.025791,-0.003490,0.240259,-0.766055,-1.159945,0.000127,3.684458,-9.653711,-8.276854,0.896668,0.020164,-0.002078,0.999262,0.000000,0.000000,0.000000,12.236907,20.124699,-5.543691,0.222861,0.019157,-0.346461
15.295240,-0.005633,0.513055,0.998959,0.019185,-0.021778,-0.001346,-0.233765,-0.386710,-1.161336,0.000158,3.679179,3.265687,-4.200314,0.931694,0.019131,0.005811,1.004835,0.000000,0.000000,0.000000,0.124846,2.351162,4.299509,0.283843,0.009133,-0.387970
15.339553,-0.005676,0.512669,0.998988,0.016562,-0.017732,-0.000870,-0.054493,-0.193773,-1.148200,-0.000008,3.684458,11.108650,2.893930,-0.136813,0.020602,0.004900,1.000161,0.000000,0.000000,0.000000,13.955427,-6.690109,2.143735,0.195659,-0.051224,-0.280880
15.389383,-0.005689,0.512667,0.998996,0.016434,-0.017682,0.000415,0.447711,-0.385536,-1.156850,-0.000138,3.679179,-0.654629,8.571297,-1.733956,0.022223,0.017073,0.997299,0.000000,0.000000,0.000000,1.925635,-6.993794,9.474353,0.204720,0.047051,-0.342984
15.439685,-0.004852,0.511710,0.999018,0.021985,-0.022064,0.001717,0.518396,-0.807873,-1.184943,-0.000156,3.673900,-7.657907,4.118577,-0.619607,0.017159,0.003712,1.013769,0.000000,0.000000,0.000000,4.930916,-3.344943,-4.212733,0.199022,0.084375,-0.432499
15.489292,-0.004518,0.511587,0.999085,0.026636,-0.021095,0.005205,0.158430,-0.924610,-1.210117,-0.000065,3.679179,-6.637414,-9.952461,-0.714289,0.036286,0.011450,1.000308,0.000000,0.000000,0.000000,-8.354041,-12.306238,5.260846,0.157444,0.019362,-0.328499
15.538384,-0.004479,0.511123,1.000167,0.026870,-0.018614,0.010456,-0.151454,-0.419571,-1.234147,0.000245,3.684458,1.233135,-10.573302,0.514048,0.023590,-0.001990,1.002373,0.000000,0.000000,0.000000,12.679461,-8.611368,1.461045,0.233621,0.086663,-0.312616
15.592359,-0.003788,0.510843,1.000074,0.023368,-0.016209,0.006230,0.014890,0.270623,-1.225251,0.000087,3.684458,4.955136,-1.585661,-0.172425,0.020799,0.002449,0.985601,0.000000,0.000000,0.000000,6.176651,0.977275,3.996076,0.209996,0.106945,-0.275604
15.639463,-0.003639,0.510696,1.000056,0.017097,-0.015577,0.002021,0.227439,0.354574,-1.244675,-0.000066,3.679179,-1.211202,6.117205,-1.512117,0.021630,0.000832,0.996520,0.000000,0.000000,0.000000,-11.701709,0.892425,5.187004,0.209326,-0.010406,-0.446420
15.689396,-0.003731,0.510720,1.001063,0.013302,-0.014027,0.005019,0.077465,-0.012044,-1.296611,-0.000062,3.679179,-5.810624,2.826926,0.689894,0.014652,0.010369,0.999304,0.000000,0.000000,0.000000,20.541159,-24.874023,6.772108,0.225627,0.121391,-0.269214
15.738377,-0.003766,0.510771,1.001086,0.011906,-0.011108,0.004066,-0.118452,-0.132808,-1.306033,0.000076,3.679179,3.029261,0.176628,0.792758,0.021382,0.007783,0.999166,0.000000,0.000000,0.000000,6.474897,-4.143913,-4.361990,0.227870,0.039133,-0.319051
15.787458,-0.003791,0.510810,1.001071,0.010458,-0.009726,0.003626,0.106017,-0.045796,-1.292616,0.000114,3.679179,9.045810,-0.284451,0.557460,0.020000,0.011124,1.002027,0.000000,0.000000,0.000000,-12.271782,10.749711,-2.299959,0.115134,0.067300,-0.264853
15.851500,-0.003818,0.509753,1.001052,0.009237,-0.015226,0.002294,0.560285,-0.082003,-1.282601,-0.000087,3.679179,0.930045,7.772285,-0.051849,0.023146,0.002692,0.990711,0.000000,0.000000,0.000000,1.232731,-4.997279,-2.646909,0.169453,0.036389,-0.258463
15.897319,-0.003906,0.509842,1.000998,0.010287,-0.016902,-0.000614,0.550818,-0.429956,-1.268420,-0.000188,3.679179,-11.025677,7.370307,-0.926428,0.023425,0.007809,1.000440,0.000000,0.000000,0.000000,-8.224513,3.777183,-3.703990,0.195063,0.104758,-0.314674
15.938460,-0.003875,0.509843,1.000985,0.014157,-0.015620,-0.001548,0.095113,-0.761277,-1.293784,-0.000068,3.679179,-12.944630,-3.373523,0.956952,0.021278,0.004769,0.994204,0.000000,0.000000,0.000000,1.598488,-17.589663,3.687264,0.280645,0.087554,-0.342914
15.989331,-0.003845,0.509884,1.001000,0.016486,-0.010348,0.000580,-0.443029,-0.524189,-1.289415,0.000126,3.673900,-0.436874,-8.041815,2.602366,0.012692,0.008259,1.012535,0.000000,0.000000,0.000000,-2.053932,6.119062,6.913625,0.216760,-0.005489,-0.267555
16.038384,-0.003691,0.509341,1.001705,0.015577,-0.007168,0.004508,-0.400852,-0.088597,-1.253762,0.000153,3.679179,10.486159,-4.484204,-0.425366,0.018898,0.014866,1.002576,0.000000,0.000000,0.000000,4.130987,7.842922,-4.596695,0.173064,0.060615,-0.258051
16.088312,-0.003752,0.508866,1.002046,0.012141,-0.007860,0.001748,0.171285,0.090036,-1.273539,-0.000091,3.679179,5.759141,8.739038,1.152344,0.018063,0.001022,0.992417,0.000000,0.000000,0.000000,-12.926997,1.723010,0.340339,0.118462,-0.026301,-0.298474
16.212376,-0.003785,0.508832,1.001180,0.011992,-0.009593,-0.004624,0.385052,-0.388471,-1.312285,-0.000200,3.679179,-5.058888,6.829723,-1.312022,0.032616,0.000250,0.990941,0.000000,0.000000,0.000000,2.932075,-18.022381,4.347281,0.191078,0.059717,-0.356709
16.299278,-0.002966,0.508819,1.000891,0.016879,-0.010029,-0.006848,0.185034,-0.644519,-1.334152,-0.000105,3.673900,-2.919066,-2.440339,-0.407250,0.018772,0.002213,0.998093,0.000000,0.000000,0.000000,10.436856,-23.781256,5.604420,0.264812,0.021077,-0.393852
16.321382,-0.002642,0.508822,1.000911,0.019436,-0.009005,-0.003576,0.036849,-0.488759,-1.320064,0.000022,3.668622,5.697731,-7.646280,-0.377484,0.023661,0.009830,1.003428,0.000000,0.000000,0.000000,-1.469774,3.686031,-2.431952,0.234796,0.055009,-0.304465
16.344466,-0.002645,0.508030,1.000957,0.017847,-0.011796,-0.001583,0.228981,-0.106465,-1.344974,0.000086,3.668622,5.514831,-4.158368,-2.329771,0.013344,0.009718,1.002924,0.000000,0.000000,0.000000,-12.276753,8.896526,-0.880072,0.209088,0.059350,-0.314620
16.362388,-0.001673,0.507747,0.999925,0.017575,-0.013943,-0.005731,0.395159,0.104837,-1.353487,-0.000094,3.668622,-1.949051,-1.327610,0.172452,0.026943,0.003418,0.999499,0.000000,0.000000,0.000000,1.385268,-4.017702,-8.738111,0.145399,0.058292,-0.307839
16.391437,-0.001182,0.507198,0.999915,0.015763,-0.015676,-0.003987,0.186280,0.102971,-1.344567,-0.000011,3.668622,-11.522601,-0.938251,0.908450,0.028389,-0.002146,1.003714,0.000000,0.000000,0.000000,10.137671,-4.907104,16.524057,0.205219,0.088280,-0.352690
16.439370,-0.000766,0.506736,0.999969,0.013616,-0.013178,-0.000387,-0.277989,0.147222,-1.326359,0.000005,3.668622,-3.663731,-3.076806,-0.064083,0.021594,0.002921,1.006834,0.000000,0.000000,0.000000,-0.979683,3.444437,-1.195071,0.288971,-0.044860,-0.398114
16.488449,-0.000902,0.506921,1.000010,0.008855,-0.006472,0.001623,-0.508749,0.345311,-1.303908,0.000101,3.668622,2.951003,-1.623170,0.419844,0.017523,0.005310,0.997300,0.000000,0.000000,0.000000,11.743394,11.425741,-3.856183,0.310550,0.020062,-0.335268
16.537434,-0.000889,0.506931,1.000025,0.004606,-0.002670,0.000749,-0.281043,0.362531,-1.291945,-0.000009,3.668622,7.644542,4.669580,1.973983,0.020393,0.012152,0.996398,0.000000,0.000000,0.000000,-4.897982,-0.961879,7.679335,0.204649,0.004060,-0.368367
16.589451,0.000084,0.505923,1.000001,0.005308,-0.005757,-0.000380,0.114932,0.187170,-1.280166,-0.000095,3.668622,3.912268,6.273793,1.222769,0.027551,-0.003829,0.992524,0.000000,0.000000,0.000000,-13.585014,10.577638,-2.303851,0.209473,0.044428,-0.356367
16.639386,0.000097,0.505871,0.999970,0.005262,-0.007005,-0.001509,0.225725,-0.184043,-1.287067,-0.000182,3.668622,-5.910113,2.886901,-3.687339,0.022807,-0.004604,1.007021,0.000000,0.000000,0.000000,-1.865456,14.398127,-0.923376,0.114616,-0.022014,-0.366939
16.690413,0.000059,0.505942,0.999985,0.006528,-0.005350,-0.000856,-0.114757,-0.274459,-1.313991,-0.000063,3.663343,-10.938918,-3.188398,-0.811258,0.024757,0.000913,0.997182,0.000000,0.000000,0.000000,2.712344,-15.838879,0.422649,0.303238,-0.004897,-0.357309
16.739348,0.000129,0.505957,1.000022,0.006540,-0.000664,0.001776,-0.563739,-0.044768,-1.323272,-0.000026,3.668622,-1.741967,-5.387585,-1.109944,0.024981,0.007081,0.995671,0.000000,0.000000,0.000000,5.552409,-8.707663,1.534043,0.233970,-0.027036,-0.359761
16.789412,0.000100,0.506064,1.000032,0.004561,0.004789,0.001652,-0.632376,0.162567,-1.318071,0.000094,3.668622,6.684220,0.702423,-0.586008,0.031584,0.010376,0.995417,0.000000,0.000000,0.000000,1.525169,-3.373599,-0.678180,0.256271,0.057972,-0.416234
16.838492,0.000047,0.506125,1.000837,0.001724,0.006815,0.004353,-0.235572,0.250215,-1.310677,-0.000027,3.668622,12.211701,4.655601,0.744957,0.024835,-0.002989,1.003013,0.000000,0.000000,0.000000,-7.347677,6.371028,9.176920,0.183235,0.033825,-0.356869
16.888383,0.000022,0.506091,1.001058,0.001241,0.003631,0.002553,0.342993,-0.062475,-1.312660,-0.000150,3.668622,11.665924,3.913537,0.571449,0.024468,0.003964,0.992014,0.000000,0.000000,0.000000,5.606087,4.093068,-8.422651,0.244558,0.057234,-0.403513
16.938582,0.001086,0.505034,1.000972,0.006733,-0.007020,-0.003116,0.922707,-0.336180,-1.304613,-0.000275,3.668622,-1.822692,8.214793,-0.859856,0.020422,0.003684,0.995664,0.000000,0.000000,0.000000,-19.299030,12.195639,-1.853923,0.249933,0.040941,-0.288138
16.987514,0.001174,0.504764,1.000359,0.009983,-0.014151,-0.008236,0.897683,-0.549187,-1.308330,-0.000159,3.663343,-13.235378,-8.076245,1.322643,0.031178,0.009523,0.991385,0.000000,0.000000,0.000000,15.072495,-12.891254,3.979795,0.202754,0.018273,-0.410727
17.039418,0.002211,0.504713,0.999820,0.014361,-0.014603,-0.009623,0.158523,-0.287248,-1.331251,-0.000082,3.663343,-19.055109,-6.571509,0.763310,0.015679,0.000304,1.007552,0.000000,0.000000,0.000000,-1.762487,-10.859101,-3.650034,0.202816,0.076580,-0.464345
17.089374,0.002240,0.503778,0.999888,0.011511,-0.010686,-0.004396,-0.740096,0.193714,-1.353508,0.000089,3.663343,-11.126574,-15.500308,2.724615,0.014403,0.006516,1.009411,0.000000,0.000000,0.000000,9.185001,-5.987037,-3.897952,0.216586,-0.006597,-0.329223
17.138358,0.003155,0.503952,0.999978,0.007446,0.000734,-0.000179,-1.223716,0.762387,-1.316108,0.000030,3.663343,3.893175,-3.977877,-0.954137,0.016343,0.006394,1.002748,0.000000,0.000000,0.000000,16.869450,-17.074314,16.520037,0.165381,0.015394,-0.286200
17.188364,0.003007,0.504067,1.000015,-0.001709,0.009121,0.001998,-0.997626,0.995229,-1.328053,0.000050,3.668622,15.433109,8.542402,-1.655272,0.020769,0.009346,1.001159,0.000000,0.000000,0.000000,4.835175,13.156956,-7.660580,0.128150,0.067386,-0.333873
17.239301,0.002872,0.504205,1.000035,-0.008263,0.010666,0.001469,-0.182049,0.745616,-1.360287,-0.000112,3.663343,16.993168,6.806857,3.526857,0.030945,0.002863,0.990609,0.000000,0.000000,0.000000,-2.756790,-4.410110,5.187842,0.201251,0.077257,-0.330455
17.290372,0.002007,0.504061,0.999992,-0.012748,0.004360,-0.001189,0.635230,0.293165,-1.323781,-0.000190,3.663343,5.699375,12.104305,-0.909089,0.013135,0.002439,1.001645,0.000000,0.000000,0.000000,3.411386,-5.430494,-0.507598,0.236604,0.005588,-0.405086
17.337300,0.001899,0.503990,0.999988,-0.009779,-0.003017,-0.001367,0.804501,-0.252742,-1.335920,-0.000117,3.663343,-10.180911,5.344845,-0.492092,0.018873,0.001659,0.996813,0.000000,0.000000,0.000000,-12.256636,7.080095,-9.428321,0.248231,0.027390,-0.386496
17.389389,0.001083,0.502954,0.999974,-0.007312,-0.009459,-0.000565,0.323476,-0.497421,-1.355589,-0.000086,3.663343,-13.448076,-3.031709,-1.534997,0.024713,0.004715,1.009797,0.000000,0.000000,0.000000,8.073293,-9.972424,-0.541283,0.135667,0.053914,-0.310404
17.439467,0.000924,0.502856,1.000019,-0.003242,-0.006439,0.001157,-0.367663,-0.360111,-1.383032,0.000096,3.663343,-7.225555,-4.660890,-2.738868,0.016410,-0.004203,0.997649,0.000000,0.000000,0.000000,8.057978,-10.183343,13.382323,0.247051,0.071631,-0.332089
17.488412,0.000968,0.502962,1.000045,-0.001251,-0.000013,0.002724,-0.749431,-0.118978,-1.399328,0.000014,3.663343,4.771073,1.742216,-0.283382,0.018710,0.016324,1.004449,0.000000,0.000000,0.000000,11.122759,-3.443487,-0.817621,0.143932,-0.095094,-0.281348
17.537460,-0.000041,0.502064,1.000069,-0.003237,0.001305,0.004147,-0.530086,-0.135107,-1.423865,-0.000114,3.663343,5.601764,8.682585,-0.882053,0.023348,0.011257,1.003853,0.000000,0.000000,0.000000,-10.800286,-3.010353,1.807567,0.176143,0.037617,-0.279002
17.589415,-0.000009,0.502023,1.000027,0.000189,0.002853,0.002340,-0.264759,-0.412070,-1.447599,-0.000203,3.663343,1.142353,2.947845,0.319516,0.024847,0.000974,0.989992,0.000000,0.000000,0.000000,1.676373,-18.534151,2.428151,0.235496,0.131405,-0.320461
17.638469,0.000061,0.502066,1.000005,0.004371,0.003929,0.000046,-0.255943,-0.521755,-1.453789,-0.000081,3.663343,-5.693760,-4.224334,-0.963058,0.021919,0.007581,1.001408,0.000000,0.000000,0.000000,-16.985077,1.768759,-1.248530,0.297462,-0.009937,-0.408486
17.688410,0.000120,0.502105,1.000797,0.006964,0.006484,0.002364,-0.515480,-0.376471,-1.479098,0.000060,3.658065,1.129956,-3.875998,0.807411,0.026896,-0.004977,0.993071,0.000000,0.000000,0.000000,-1.961815,17.223211,-8.972157,0.155915,0.106016,-0.400980
17.738435,0.000141,0.503188,1.001034,0.007400,0.012025,0.001638,-0.437457,-0.154052,-1.443823,-0.000011,3.663343,7.325864,-0.721360,-1.322036,0.022046,0.002298,0.995997,0.000000,0.000000,0.000000,6.060129,7.202327,5.205473,0.272088,-0.002158,-0.358561
17.788297,0.000131,0.503219,1.000996,0.006650,0.011193,-0.000753,-0.105970,-0.036910,-1.474394,-0.000152,3.663343,6.233030,0.837826,3.071049,0.022176,0.005974,0.996527,0.000000,0.000000,0.000000,-4.202422,-13.226033,18.378927,0.244761,-0.014481,-0.395014
17.837395,0.000130,0.503178,1.000139,0.006317,0.008023,-0.006771,0.124913,-0.078113,-1.447526,-0.000026,3.663343,0.566874,3.517192,-0.859523,0.024356,-0.006401,0.986893,0.000000,0.000000,0.000000,-21.079596,-4.912576,-0.918208,0.201406,0.024577,-0.061893
17.887356,0.000115,0.503102,0.999877,0.005759,0.004491,-0.006099,0.219606,-0.038019,-1.448216,-0.000092,3.658065,1.288149,-2.241270,-0.135527,0.016691,0.014941,1.002662,0.000000,0.000000,0.000000,10.902963,-35.659451,17.351280,0.246399,0.000242,-0.350787
17.938459,0.000102,0.503038,0.999909,0.005136,0.001132,-0.004884,0.282350,-0.040734,-1.438829,-0.000095,3.658065,-3.447751,3.012145,-0.473855,0.019515,0.006103,0.999094,0.000000,0.000000,0.000000,-12.301517,14.251968,-6.022064,0.188010,0.045484,-0.374051
17.987497,0.000108,0.502987,0.999916,0.005824,-0.001189,-0.004300,0.211511,-0.220576,-1.471061,-0.000030,3.658065,-7.113204,1.261480,0.164678,0.025481,0.006434,0.996264,0.000000,0.000000,0.000000,-2.950295,18.791670,-14.940349,0.181993,0.070389,-0.429214
18.038329,0.000127,0.501941,0.999940,0.006997,-0.004226,-0.002564,-0.117577,-0.279056,-1.493431,-0.000022,3.658065,-8.587721,-2.684652,-0.782850,0.018048,0.008914,1.004221,0.000000,0.000000,0.000000,-3.512717,23.659718,-15.192659,0.233341,0.002085,-0.390225
18.088416,0.000143,0.501977,0.999991,0.007629,0.000285,0.000291,-0.583661,-0.201436,-1.532404,0.000036,3.658065,-3.403556,-5.656007,-0.913826,0.030021,-0.003749,1.000581,0.000000,0.000000,0.000000,1.463755,8.906053,-0.727957,0.195776,0.061381,-0.418727
18.137293,-0.000872,0.501077,1.000017,0.002963,0.002170,0.000620,-0.632223,0.072140,-1.519007,0.000091,3.658065,2.614447,-5.344648,0.747562,0.029207,-0.004131,0.997226,0.000000,0.000000,0.000000,-4.372303,10.958868,-7.995443,0.259155,0.018417,-0.353597
18.189460,-0.000973,0.501088,0.999994,0.000819,0.005552,-0.000730,-0.504865,0.186246,-1.517778,-0.000106,3.658065,1.075423,7.104871,0.767591,0.013218,0.000127,1.002488,0.000000,0.000000,0.000000,-0.384061,-10.489812,-0.551583,0.265858,-0.050962,-0.453998
18.237369,-0.001980,0.500339,0.999998,-0.001568,0.005368,-0.000025,-0.475254,-0.259550,-1.529912,-0.000090,3.658065,-0.643748,17.526003,-3.216203,0.024334,-0.003484,1.000489,0.000000,0.000000,0.000000,-1.131728,13.822542,0.162678,0.121697,0.033346,-0.289556
18.287818,-0.001960,0.500137,1.000022,0.003695,0.007700,0.001290,-0.547246,-0.703065,-1.512364,-0.000102,3.658065,1.388162,1.743488,-0.506915,0.019833,0.013459,1.000553,0.000000,0.000000,0.000000,-3.441950,26.517162,-7.283296,0.254328,-0.015220,-0.348193
18.338418,-0.001845,0.500180,1.000568,0.009783,0.010078,0.003739,-0.479645,-0.817391,-1.477657,-0.000067,3.658065,0.751421,1.773730,-1.045144,0.023041,0.004136,1.000566,0.000000,0.000000,0.000000,-18.752607,9.563199,2.014816,0.214088,0.032393,-0.352114
18.388432,-0.001746,0.500212,1.001067,0.014524,0.011556,0.003777,-0.441061,-0.754258,-1.494427,-0.000101,3.658065,1.701280,-7.903348,0.745870,0.014396,0.001028,0.998057,0.000000,0.000000,0.000000,7.464682,-13.780598,10.184489,0.194984,0.101483,-0.303370
18.438403,-0.001688,0.500236,1.001028,0.016877,0.012821,0.000520,-0.471118,-0.545236,-1.500133,-0.000107,3.663343,-3.295507,1.035380,-2.948652,0.016985,0.002539,0.999688,0.000000,0.000000,0.000000,4.287477,-28.659021,12.771400,0.187751,-0.054126,-0.369319
18.489421,-0.001671,0.500260,1.000988,0.017224,0.013940,-0.001120,-0.457308,-0.362572,-1.494542,-0.000065,3.658065,4.187699,-6.309752,0.924621,0.018394,0.004720,0.996263,0.000000,0.000000,0.000000,-1.936753,1.202412,-1.465276,0.159927,0.026748,-0.350644
18.538400,-0.001690,0.500256,1.000967,0.015727,0.013124,-0.002199,-0.189500,-0.136524,-1.497756,0.000045,3.658065,3.732919,-1.561032,0.173853,0.017668,0.009017,0.998456,0.000000,0.000000,0.000000,-8.406297,21.634687,-19.182798,0.220153,0.006329,-0.324839
18.589469,-0.001193,0.500224,1.000965,0.015944,0.011267,-0.001497,-0.060471,-0.172229,-1.491100,-0.000111,3.658065,-2.288729,3.802756,0.957514,0.019389,-0.004634,1.002634,0.000000,0.000000,0.000000,6.832898,-2.617984,5.135888,0.144765,0.013878,-0.282786
18.638445,-0.000684,0.499400,1.000968,0.017292,0.007437,-0.001991,-0.132437,-0.342305,-1.512477,-0.000118,3.658065,-0.997279,-2.760954,0.581499,0.022039,0.005375,0.999116,0.000000,0.000000,0.000000,-4.894286,-4.716736,2.037832,0.208467,0.011687,-0.301280
18.688497,-0.000684,0.499124,1.000986,0.016097,0.006023,-0.000587,-0.138969,-0.164739,-1.515100,-0.000069,3.658065,-0.372273,-4.649882,1.610096,0.026281,-0.002754,1.000480,0.000000,0.000000,0.000000,9.048882,-8.324488,0.132615,0.229384,-0.033201,-0.326713
18.738532,-0.000727,0.498300,1.000980,0.013458,0.002292,-0.001735,-0.054112,0.029224,-1.502069,-0.000084,3.658065,3.707914,-2.992109,1.198906,0.022202,0.002448,0.993933,0.000000,0.000000,0.000000,-5.598223,-18.183407,10.877946,0.202874,0.004723,-0.272492
18.790404,-0.000791,0.497478,1.000962,0.010044,-0.002056,-0.002309,0.110234,0.118373,-1.492912,-0.000059,3.658065,2.148994,6.659931,-0.463767,0.021709,0.009763,0.997735,0.000000,0.000000,0.000000,1.970863,10.969335,-4.847172,0.235898,0.032728,-0.251122
18.838380,-0.000036,0.496919,1.000938,0.011055,-0.005384,-0.003484,0.243333,-0.059491,-1.476606,-0.000286,3.658065,-8.559880,7.368717,0.426883,0.025087,-0.008459,0.992651,0.000000,0.000000,0.000000,-3.164336,-12.124674,16.998018,0.224241,0.013658,-0.373702
18.887319,0.000230,0.495906,1.000960,0.012846,-0.007585,-0.001110,-0.119475,-0.427705,-1.553423,-0.000185,3.652786,-10.067249,-0.164480,-0.488492,0.017073,0.013655,1.013664,0.000000,0.000000,0.000000,11.968013,-19.815916,2.039409,0.230894,-0.031113,-0.331566
18.937397,0.000253,0.494914,1.000998,0.013227,-0.006230,0.000853,-0.538696,-0.254725,-1.593586,-0.000027,3.652786,-5.396011,-13.313566,-0.094058,0.018195,0.006462,1.008620,0.000000,0.000000,0.000000,14.855012,-20.252548,-0.352235,0.179771,0.054650,-0.291490
18.987389,0.000216,0.493933,1.001883,0.010251,-0.003243,0.007843,-0.713805,0.167740,-1.621315,0.000140,3.652786,5.293571,-5.573475,-0.204312,0.016863,0.005120,0.997797,0.000000,0.000000,0.000000,10.326720,15.334157,-10.147827,0.209615,0.106515,-0.262288
19.038363,0.000125,0.492430,1.002119,0.005062,-0.004568,0.005837,-0.339783,0.440977,-1.591154,0.000110,3.658065,14.224014,2.985711,1.921520,0.013747,0.004493,0.999201,0.000000,0.000000,0.000000,-7.238500,25.139896,-6.491694,0.194233,0.058714,-0.294678
19.089506,0.000035,0.491347,1.002033,0.000903,-0.009822,-0.000284,0.432101,0.326675,-1.566666,-0.000133,3.658065,15.317309,6.699160,-1.119897,0.035985,0.001820,0.982810,0.000000,0.000000,0.000000,4.339425,-0.716849,-3.012319,0.139121,0.036161,-0.265907
19.139282,0.000010,0.489233,1.001927,0.000770,-0.023699,-0.005683,1.179693,-0.154214,-1.533734,-0.000194,3.652786,6.764014,11.374857,-0.952131,0.021163,0.005252,0.979995,0.000000,0.000000,0.000000,3.956698,-4.084895,1.143747,0.275996,0.110383,-0.320078
19.189287,-0.000985,0.486975,1.000906,0.001283,-0.038451,-0.013883,1.397021,-0.606733,-1.515548,-0.000189,3.652786,-8.680260,1.850698,-1.236308,0.021934,0.002082,0.997993,0.000000,0.000000,0.000000,-5.023872,-3.056067,-12.996764,0.238208,-0.031565,-0.491450
19.237444,-0.000895,0.484674,1.000798,0.007093,-0.047726,-0.008972,0.865257,-0.787052,-1.523835,-0.000138,3.652786,-14.897316,-0.487930,-0.996632,0.022796,0.007111,1.005176,0.000000,0.000000,0.000000,4.851267,-22.305632,1.701777,0.171258,0.082110,-0.301295
19.287371,-0.000808,0.481637,1.000085,0.010958,-0.052609,-0.007720,0.226742,-0.563945,-1.512512,0.000006,3.652786,-1.915354,-11.098619,0.031886,0.021291,0.011975,1.003759,0.000000,0.000000,0.000000,9.626454,-1.595161,-10.514660,0.276631,0.077990,-0.365709
19.338277,-0.000786,0.478315,0.999898,0.011053,-0.055985,-0.004794,0.091040,-0.168779,-1.517555,0.000020,3.652786,7.757698,0.150321,-0.687335,0.016288,0.017395,1.002883,0.000000,0.000000,0.000000,-6.670744,19.154520,-15.359311,0.187186,0.057404,-0.359314
19.389383,-0.000803,0.474643,0.999915,0.009996,-0.061980,-0.004645,0.416121,-0.090953,-1.500412,-0.000055,3.652786,6.244290,-2.638494,2.707919,0.030044,0.005073,0.999105,0.000000,0.000000,0.000000,8.851161,-0.969442,5.817682,0.167870,0.128448,-0.359154
19.438381,-0.000823,0.471124,0.999918,0.009126,-0.068820,-0.003906,0.690223,-0.148947,-1.500174,-0.000106,3.652786,3.212970,-2.634713,0.740196,0.025887,0.007378,1.003335,0.000000,0.000000,0.000000,-10.079923,1.586433,13.943945,0.246659,0.096346,-0.354612
19.487370,-0.000833,0.467235,0.999946,0.008569,-0.077174,-0.002534,0.887962,-0.139595,-1.477935,-0.000011,3.652786,4.188734,-0.237205,-1.853730,0.015989,-0.002438,1.003110,0.000000,0.000000,0.000000,-7.337333,-5.656206,0.503560,0.341101,0.076049,-0.388700
19.538369,-0.000852,0.462261,0.999950,0.007304,-0.089543,-0.003303,1.126879,-0.027683,-1.469681,0.000099,3.652786,2.938081,-1.740195,0.796210,0.018016,0.009136,0.997058,0.000000,0.000000,0.000000,7.205781,10.755441,-3.921937,0.248975,0.057702,-0.362489
19.587349,-0.000888,0.457023,0.999939,0.005181,-0.102011,-0.003353,1.221956,0.113274,-1.448623,0.000019,3.652786,-1.426040,3.075222,-1.416862,0.018172,0.016986,1.001157,0.000000,0.000000,0.000000,-0.079249,-5.923502,3.312125,0.154776,-0.007899,-0.381891
19.637310,-0.000920,0.451818,0.999918,0.003833,-0.112081,-0.004336,1.176884,0.011315,-1.437156,-0.000059,3.652786,-0.315893,4.102952,1.563759,0.034802,0.015172,0.992759,0.000000,0.000000,0.000000,5.927092,-8.993928,19.786116,0.184019,0.180863,-0.459994
19.687482,-0.000926,0.445846,0.999562,0.004037,-0.123562,-0.006635,1.278175,-0.162618,-1.408714,-0.000110,3.647507,3.422560,1.175873,2.279503,0.023292,0.004274,1.001209,0.000000,0.000000,0.000000,1.691307,-6.905699,-4.212894,0.264756,0.127086,-0.428875
19.738367,-0.001839,0.439494,0.998835,0.002146,-0.135565,-0.009298,1.418989,-0.247647,-1.402790,-0.000029,3.647507,0.531675,-5.120257,0.985372,0.027014,0.005223,1.001908,0.000000,0.000000,0.000000,-13.352475,2.402106,1.190100,0.243142,0.122741,-0.422859
19.787408,-0.001783,0.432390,0.998889,0.002926,-0.148463,-0.004850,1.451267,-0.131591,-1.375211,0.000055,3.647507,-0.382757,-1.049936,0.853357,0.017609,0.012565,1.002037,0.000000,0.000000,0.000000,5.655424,-6.218874,-10.460609,0.258670,0.089861,-0.375675
19.837355,-0.001681,0.424230,0.998952,0.003285,-0.163208,-0.001858,1.557048,-0.109983,-1.356021,-0.000032,3.652786,4.305562,2.223375,1.644749,0.011956,0.016469,1.000846,0.000000,0.000000,0.000000,-0.922963,8.316340,1.963121,0.186117,0.132237,-0.455342
19.889309,-0.001798,0.415964,0.998958,0.003935,-0.176998,-0.002369,1.712042,-0.275546,-1.352557,-0.000137,3.647507,-1.609089,4.971680,-0.339402,0.018696,0.011365,1.006016,0.000000,0.000000,0.000000,-3.598586,0.448924,-0.885074,0.213867,0.110913,-0.452825
19.937421,-0.000848,0.407003,0.998994,0.010319,-0.190447,0.000117,1.581367,-0.572952,-1.324750,-0.000133,3.652786,-2.205577,2.416979,-1.105540,0.026017,0.019637,0.997201,0.000000,0.000000,0.000000,1.792576,-4.675488,9.045483,0.171694,0.048222,-0.351386
19.987407,-0.000764,0.396984,0.998962,0.012973,-0.204298,-0.002311,1.505531,-0.530006,-1.314390,-0.000039,3.652786,-3.045852,-3.893533,-0.683092,0.013028,0.015550,1.003928,0.000000,0.000000,0.000000,3.561988,-14.758681,-5.666718,0.223250,0.191328,-0.464239
20.038498,-0.000880,0.386882,0.998990,0.012122,-0.215134,-0.000796,1.372074,-0.172091,-1.312559,0.000025,3.647507,-4.704667,-7.699324,1.215343,0.022753,0.021301,1.000458,0.000000,0.000000,0.000000,8.920524,7.479734,5.946215,0.087594,0.171263,-0.324470
20.087471,-0.000269,0.376595,0.999007,0.011334,-0.222946,0.001090,1.108989,0.142120,-1.287744,-0.000001,3.652786,-2.431434,-0.012311,-0.775441,0.022682,0.017992,1.008602,0.000000,0.000000,0.000000,5.953165,-6.092695,-4.550934,0.201559,0.269418,-0.416006
20.138340,0.000088,0.365785,0.999014,0.009100,-0.230034,0.000984,0.994895,0.119142,-1.331999,-0.000111,3.647507,0.899437,1.084499,2.163240,0.017995,0.007888,0.998076,0.000000,0.000000,0.000000,-2.649146,-5.965973,6.066630,0.165870,0.202335,-0.303429
20.187429,0.000142,0.354422,0.998995,0.006665,-0.237957,0.000219,1.063530,0.130457,-1.298942,-0.000087,3.647507,3.863454,-2.798791,-0.159353,0.027839,0.019359,0.998572,0.000000,0.000000,0.000000,3.165062,-30.328381,5.364209,0.229082,0.154251,-0.329985
20.237298,0.000082,0.342682,0.998987,0.003430,-0.247521,-0.000656,1.276799,0.223205,-1.257217,0.000012,3.647507,8.025209,1.737061,-2.383207,0.022720,0.009470,0.997521,0.000000,0.000000,0.000000,5.801194,-1.096235,0.120936,0.339798,0.239187,-0.434064
20.288376,0.000024,0.330201,0.998971,0.000484,-0.260476,-0.002012,1.614386,0.220614,-1.286556,0.000070,3.647507,2.340574,3.640146,-0.653681,0.020702,0.010784,1.003121,0.000000,0.000000,0.000000,-6.840212,17.315638,-6.180408,0.262647,0.110083,-0.365232
20.338538,-0.000021,0.317975,0.999270,-0.001546,-0.271460,0.001575,1.682529,0.158597,-1.232345,-0.000024,3.647507,0.229305,5.666658,1.118476,0.031134,0.019568,1.005287,0.000000,0.000000,0.000000,12.641020,-25.638920,8.871613,0.256401,0.121904,-0.296538
20.387426,-0.000046,0.304759,1.000061,-0.002696,-0.283925,0.003734,1.746748,0.126181,-1.199991,0.000055,3.652786,4.856679,-0.368575,0.778162,0.024121,0.011798,0.995589,0.000000,0.000000,0.000000,-0.280843,-9.186667,6.642229,0.322145,0.169574,-0.376922
20.437477,-0.001011,0.290865,1.000043,-0.007529,-0.298025,0.002375,1.936173,0.210718,-1.185585,0.000097,3.647507,1.219615,4.277637,-0.918923,0.008184,0.009504,1.004577,0.000000,0.000000,0.000000,-8.663489,7.389077,2.467725,0.216453,0.143661,-0.366060
20.488712,-0.001114,0.275808,0.999969,-0.007599,-0.314074,-0.002491,1.958929,0.026481,-1.199945,-0.000024,3.647507,-6.266086,7.102466,-0.614663,0.023343,0.012563,0.997335,0.000000,0.000000,0.000000,4.507160,-14.240762,10.207114,0.257715,0.138252,-0.396812
20.538557,-0.001650,0.261595,0.999976,-0.007250,-0.322419,-0.001532,1.561924,-0.215422,-1.205941,-0.000081,3.647507,-11.942006,5.257893,-0.044062,0.023988,0.015038,0.994353,0.000000,0.000000,0.000000,1.596444,-17.852293,-4.823347,0.211988,0.040954,-0.302251
20.588428,-0.002107,0.246483,0.999957,-0.005261,-0.328321,-0.001807,1.060497,-0.366058,-1.236768,0.000080,3.647507,-1.415969,-0.786081,1.457703,0.028721,0.015517,1.007584,0.000000,0.000000,0.000000,2.707951,2.935420,1.855109,0.255791,0.177396,-0.449586
20.638414,-0.002856,0.230402,0.999987,-0.004782,-0.335572,-0.000789,1.042368,-0.324510,-1.230008,0.000132,3.647507,6.938708,2.794724,-0.796950,0.020586,0.029933,0.994123,0.000000,0.000000,0.000000,-8.441813,0.515416,-2.619772,0.307488,0.118513,-0.263202
20.687327,-0.003057,0.214452,0.999935,-0.002230,-0.343362,-0.003988,1.353530,-0.387732,-1.215538,-0.000044,3.647507,-0.317550,6.724821,0.413451,0.019548,0.022212,1.000828,0.000000,0.000000,0.000000,-17.090816,8.860126,-3.682740,0.196779,0.180671,-0.413453
20.737445,-0.002966,0.198172,0.999919,0.003690,-0.351059,-0.004529,1.278679,-0.816957,-1.241042,-0.000227,3.647507,-10.173298,9.123622,-0.065719,0.027888,0.022366,0.993359,0.000000,0.000000,0.000000,1.202183,-2.720598,-3.402641,0.198737,0.201961,-0.453030
20.788527,-0.002825,0.182085,0.998869,0.011380,-0.354304,-0.009421,0.912959,-1.073186,-1.276764,-0.000095,3.642229,-5.988846,-5.286469,-1.472720,0.026748,0.017133,1.011067,0.000000,0.000000,0.000000,5.191100,-6.853206,-0.384888,0.199927,0.170233,-0.441026
20.836378,-0.002713,0.165464,0.998924,0.016140,-0.356779,-0.002172,0.670207,-0.758765,-1.275687,0.000057,3.647507,1.051078,-11.660274,-1.584975,0.026703,0.015193,1.007734,0.000000,0.000000,0.000000,-2.757947,4.068406,-0.157923,0.211763,0.224820,0.305663
20.887388,-0.002032,0.148482,0.998996,0.017602,-0.359906,0.000445,0.716179,-0.189171,-1.279179,0.000171,3.647507,6.461429,-5.805320,0.461240,0.021426,0.013547,1.003812,0.000000,0.000000,0.000000,-4.836105,11.976165,3.269205,0.202196,0.181305,-0.328365
20.938296,-0.001708,0.131057,0.999017,0.014703,-0.366256,0.000579,1.044955,0.110829,-1.269816,-0.000054,3.647507,6.612129,-0.089664,0.140434,0.022433,0.023407,1.002273,0.000000,0.000000,0.000000,15.490790,-34.997692,7.283368,0.146127,0.224472,-0.315026
20.988334,-0.000914,0.113899,0.998996,0.013283,-0.372619,-0.000287,1.312667,0.172937,-1.251948,-0.000105,3.647507,-0.354961,5.243280,-2.140663,0.012122,0.023557,1.002143,0.000000,0.000000,0.000000,9.458936,-12.678098,-4.985726,0.276910,0.196391,-0.392080
21.038405,-0.000898,0.095895,0.998989,0.010139,-0.381036,-0.001759,1.265510,0.015045,-1.266073,-0.000005,3.647507,-4.820522,0.078259,-1.994785,0.020488,0.018355,0.997097,0.000000,0.000000,0.000000,-7.344283,-13.957828,2.396501,0.132386,0.243169,-0.357482
21.088440,-0.000838,0.078003,0.998975,0.007793,-0.385285,-0.000642,0.905617,0.067419,-1.261546,0.000007,3.647507,-9.612697,-1.034766,-0.350775,0.019247,0.023486,0.998513,0.000000,0.000000,0.000000,-8.104808,6.673727,11.259557,0.241520,0.196310,-0.375453
21.137541,-0.000887,0.059988,0.998996,0.005369,-0.385147,0.000071,0.381263,0.084524,-1.281411,-0.000047,3.647507,-5.229069,-0.801202,-1.163536,0.019383,0.028475,1.000210,0.000000,0.000000,0.000000,8.188054,-4.044115,-0.057349,0.235151,0.158348,-0.232075
21.186357,-0.000921,0.041770,0.999020,0.003740,-0.382696,0.001498,0.020468,0.052719,-1.303973,-0.000033,3.647507,0.695825,-1.045715,1.763885,0.014833,0.027704,1.005811,0.000000,0.000000,0.000000,7.860024,-15.113352,9.557842,0.172184,0.216971,-0.339906
21.237379,-0.001485,0.023823,0.999014,0.000338,-0.379927,-0.000034,0.136717,0.037849,-1.260359,-0.000029,3.647507,3.815867,5.325406,2.348911,0.022415,0.012905,0.992688,0.000000,0.000000,0.000000,-4.317992,-14.292466,9.587515,0.138220,0.240887,-0.370911
21.286356,-0.002006,0.005843,0.999264,-0.000668,-0.379514,0.000217,0.370770,-0.196603,-1.200392,-0.000043,3.642229,3.296612,4.943596,3.322284,0.021174,0.018720,0.994085,0.000000,0.000000,0.000000,4.625150,11.396683,-1.447910,0.212406,0.127412,-0.371121
21.337308,-0.001964,-0.011231,0.998927,0.003249,-0.376998,-0.005072,0.460544,-0.607751,-1.145871,-0.000175,3.647507,-4.667773,6.230038,0.890108,0.020467,0.025362,0.995220,0.000000,0.000000,0.000000,0.957181,3.731887,-4.807455,0.193416,0.209489,-0.402512
21.387421,-0.001854,-0.028838,0.998875,0.009533,-0.375625,-0.006546,0.241010,-0.916130,-1.099880,-0.000098,3.642229,-3.000714,-3.035600,-1.570523,0.026655,0.028784,1.001038,0.000000,0.000000,0.000000,-5.451649,4.478271,1.775996,0.174289,0.276561,-0.432300
21.437379,-0.001756,-0.046805,0.998874,0.013832,-0.374127,-0.006498,0.063473,-0.699049,-1.085488,0.000049,3.642229,-1.112101,-11.997258,-0.239347,0.022018,0.017988,0.994226,0.000000,0.000000,0.000000,-7.956382,5.344194,-3.705505,0.249810,0.230486,-0.428014
21.487317,-0.000759,-0.064062,0.998915,0.017401,-0.369384,-0.004122,-0.049984,-0.277358,-1.077157,0.000039,3.642229,-0.618561,-6.539160,-0.755016,0.022700,0.021449,1.001582,0.000000,0.000000,0.000000,5.259395,6.151597,-1.162715,0.156803,0.174663,-0.490306
21.537463,-0.000712,-0.082004,0.998958,0.014271,-0.367693,-0.001847,-0.020234,0.066744,-1.046070,-0.000074,3.642229,4.646332,-0.837712,-0.966324,0.015058,0.028351,0.996931,0.000000,0.000000,0.000000,9.941154,-13.247630,-5.997990,0.207247,0.188459,-0.403374
21.587416,0.000157,-0.099665,0.998947,0.013858,-0.367040,-0.002500,0.202143,0.104611,-1.019249,-0.000038,3.647507,2.853649,2.890123,-0.030513,0.018753,0.023050,1.002015,0.000000,0.000000,0.000000,-1.095918,1.572617,0.483946,0.163081,0.244755,-0.526768
21.637373,0.000212,-0.116985,0.998949,0.010256,-0.366531,-0.003416,0.327212,0.151570,-0.987755,0.000032,3.642229,-3.859448,-1.855334,0.910156,0.018367,0.017994,0.984384,0.000000,0.000000,0.000000,-4.803376,-2.280079,0.599670,0.236135,0.137601,-0.408048
21.687362,0.000137,-0.134654,0.997951,0.006098,-0.366226,-0.009282,0.129063,0.248206,-1.000802,0.000003,3.642229,-11.324910,0.404336,-0.619721,0.015236,0.026804,1.001481,0.000000,0.000000,0.000000,-5.547210,-0.574739,4.968913,0.145909,0.126517,0.163014
21.738419,0.000067,-0.151567,0.997906,0.002719,-0.359372,-0.003205,-0.436773,0.238866,-1.030042,-0.000029,3.642229,-7.539941,1.578617,0.126137,0.020851,0.021045,1.010738,0.000000,0.000000,0.000000,-6.010016,12.500619,-2.048307,0.201752,0.186658,-0.354360
21.787401,0.000025,-0.168463,0.997993,0.001036,-0.350091,0.000635,-0.831118,0.090869,-1.090047,-0.000089,3.642229,0.794611,2.125200,1.708984,0.023583,0.023328,1.002935,0.000000,0.000000,0.000000,1.901474,1.594510,-7.560396,0.208533,0.162760,-0.405356
21.836650,0.000024,-0.184702,0.998016,0.001465,-0.340165,0.001343,-0.746310,-0.111816,-1.129356,-0.000071,3.642229,8.591088,0.897574,-0.107612,0.022342,0.008160,1.004224,0.000000,0.000000,0.000000,2.378913,-0.551278,-1.352751,0.297536,0.129530,-0.437974
21.887338,0.000612,-0.201467,0.999012,0.004815,-0.336678,0.007049,-0.363478,-0.229993,-1.157282,-0.000051,3.642229,4.807564,4.243914,-0.087107,0.020509,0.017598,0.995761,0.000000,0.000000,0.000000,-10.937295,10.314440,-11.077864,0.211909,0.057270,-0.390846
21.937679,0.001129,-0.217413,0.999094,0.007891,-0.333314,0.004678,-0.090635,-0.297544,-1.176876,-0.000088,3.647507,3.199622,-2.136788,-1.300146,0.022332,0.012120,0.998219,0.000000,0.000000,0.000000,-11.927232,-6.271751,7.662495,0.205215,0.116894,-0.459040
21.987430,0.001149,-0.233374,0.999063,0.007769,-0.331649,0.002650,0.032026,-0.163820,-1.190537,-0.000018,3.642229,1.206571,-7.494813,-0.814432,0.028047,0.010436,0.995971,0.000000,0.000000,0.000000,-13.014583,14.725815,5.187157,0.223931,0.135689,-0.464526
22.037342,0.002051,-0.248355,0.999014,0.008850,-0.323000,0.000675,-0.061461,0.082888,-1.207132,-0.000049,3.642229,-8.680680,-6.463975,0.164121,0.025454,0.012335,1.001270,0.000000,0.000000,0.000000,-15.143580,13.323709,1.295115,0.208414,0.129847,-0.353347
22.087519,0.002124,-0.264393,0.998996,0.005673,-0.319863,-0.000778,-0.508121,0.249989,-1.252379,0.000031,3.642229,-14.480381,-6.385884,-1.857209,0.027087,0.011116,0.998026,0.000000,0.000000,0.000000,0.795803,0.478685,0.373940,0.262497,0.183620,-0.403556
22.137277,0.002038,-0.279222,0.998972,0.000577,-0.307868,-0.000824,-1.210204,0.513828,-1.294690,0.000139,3.636950,-11.713843,-6.728991,-2.427073,0.005910,0.012573,1.013242,0.000000,0.000000,0.000000,1.952582,5.285385,-1.331961,0.204707,0.191229,-0.447295
22.187313,0.001923,-0.293950,0.999004,-0.005837,-0.292908,-0.000043,-1.782084,0.824638,-1.319337,0.000195,3.642229,-5.507975,-4.182639,-0.270851,0.021261,0.014441,0.993637,0.000000,0.000000,0.000000,-6.078515,12.504669,-0.648768,0.178490,0.097740,-0.367285
22.237285,0.000855,-0.307727,0.999032,-0.015848,-0.274784,0.002385,-2.041291,0.931417,-1.323359,0.000153,3.642229,3.837190,4.215812,0.204935,0.023957,0.014187,1.000463,0.000000,0.000000,0.000000,15.694447,9.327729,-3.705904,0.211410,0.100448,-0.364622
22.287850,-0.000162,-0.320834,0.999824,-0.022615,-0.258770,0.003263,-1.759521,0.735593,-1.326466,0.000018,3.636950,11.741363,8.528887,1.893308,0.015209,0.005251,0.995910,0.000000,0.000000,0.000000,1.448367,-8.149243,3.394498,0.268857,0.121638,-0.372245
22.338463,-0.000418,-0.333615,1.000046,-0.021281,-0.248576,0.002054,-1.250353,0.123022,-1.294510,-0.000096,3.642229,8.908204,15.557135,-0.671804,0.015477,0.021768,0.999230,0.000000,0.000000,0.000000,-10.382828,-3.119644,0.267435,0.139846,0.010709,0.192678
22.387373,-0.001110,-0.345561,1.000013,-0.016702,-0.240631,0.000401,-0.788752,-0.521802,-1.267544,-0.000146,3.642229,3.490495,4.938327,0.338924,0.025584,0.012204,0.994798,0.000000,0.000000,0.000000,-1.183613,-15.001279,2.511185,0.167035,0.097404,-0.354657
22.437466,-0.002138,-0.357592,0.999957,-0.011617,-0.236086,-0.003323,-0.662901,-0.806470,-1.263465,0.000134,3.642229,-5.175179,-4.349908,0.005105,0.019961,0.009040,0.993912,0.000000,0.000000,0.000000,3.787211,-5.280712,-4.999022,0.206941,0.107594,-0.295064
22.486332,-0.003069,-0.369358,0.999102,-0.008678,-0.229769,-0.007524,-0.946194,-0.490283,-1.243476,0.000215,3.636950,-13.000238,-9.331456,2.393781,0.027806,0.015310,0.997330,0.000000,0.000000,0.000000,-2.310427,-5.034638,4.043322,0.263785,0.113906,-0.458797
22.537368,-0.003645,-0.380148,0.998891,-0.006844,-0.216187,-0.005180,-1.649999,-0.282225,-1.234586,0.000083,3.636950,-11.017283,4.073659,-0.047386,0.012331,0.009570,1.012979,0.000000,0.000000,0.000000,-0.930779,-12.581285,5.115281,0.306390,0.075299,-0.337694
22.587347,-0.004095,-0.390042,0.998999,-0.004572,-0.196845,0.001278,-2.185475,-0.315150,-1.187746,0.000153,3.642229,1.002847,3.106187,-0.629595,0.028000,0.007825,0.998540,0.000000,0.000000,0.000000,-1.469133,15.940216,0.742062,0.203597,0.099169,-0.289677
22.637355,-0.004022,-0.399708,1.000003,0.000344,-0.180209,0.007553,-2.098356,-0.511722,-1.196678,-0.000011,3.642229,10.759816,4.496892,-0.253607,0.014796,0.005892,1.009560,0.000000,0.000000,0.000000,-6.016214,-8.925915,-2.093709,0.272950,-0.019418,-0.349745
22.688346,-0.004731,-0.408689,1.000108,0.002283,-0.168058,0.004661,-1.532421,-0.611928,-1.162271,0.000051,3.642229,9.644841,0.092576,-0.125452,0.020712,0.013951,0.992256,0.000000,0.000000,0.000000,-0.055959,-1.759193,-0.951206,0.261192,0.096412,-0.255267
22.737543,-0.004911,-0.417342,1.000881,0.005320,-0.161184,0.006044,-1.034112,-0.486970,-1.125812,0.000123,3.636950,3.528535,0.187340,-0.822300,0.014889,0.014127,0.997400,0.000000,0.000000,0.000000,-0.423223,-2.497559,-2.809167,0.242898,0.044393,-0.428140
22.787416,-0.004862,-0.425291,1.001058,0.008023,-0.154539,0.002129,-0.872609,-0.442176,-1.107092,0.000050,3.642229,-3.162941,1.579777,1.397539,0.016248,0.006112,0.990595,0.000000,0.000000,0.000000,-2.493618,13.390477,-5.815049,0.189216,0.158250,-0.366354
22.851497,-0.004801,-0.432675,1.000994,0.010213,-0.145543,-0.001327,-1.058866,-0.480867,-1.077050,-0.000013,3.642229,-4.488227,1.083663,0.527429,0.018698,0.012413,1.002473,0.000000,0.000000,0.000000,8.350940,-11.160115,4.792218,0.166998,0.011738,-0.320926
22.888418,-0.003751,-0.440127,1.001941,0.016249,-0.137112,0.002885,-1.245453,-0.414617,-1.055426,0.000068,3.636950,-1.139979,-3.833993,-0.236538,0.019071,0.002730,1.001325,0.000000,0.000000,0.000000,4.330002,8.546973,-0.323631,0.144710,0.082034,-0.239648
22.937297,-0.003699,-0.447031,1.002039,0.015521,-0.127515,0.001846,-1.310763,-0.203052,-1.034876,0.000114,3.642229,-1.790500,-7.663310,0.337868,0.017099,-0.000695,0.994458,0.000000,0.000000,0.000000,-1.353440,6.724957,3.470884,0.191722,0.082786,-0.297590
22.987455,-0.003745,-0.453288,1.001984,0.012147,-0.115485,-0.001290,-1.414095,0.104950,-1.009500,0.000203,3.642229,-6.190967,-5.698371,-0.012831,0.017753,-0.002586,1.003716,0.000000,0.000000,0.000000,-2.598302,4.731630,-0.596055,0.181234,0.043283,-0.331875
23.037504,-0.003834,-0.459082,1.001396,0.007381,-0.102939,-0.006381,-1.747485,0.348051,-0.977974,0.000159,3.642229,-6.327306,-0.051751,0.493691,0.009716,0.007020,0.991703,0.000000,0.000000,0.000000,-1.042692,10.651411,-10.514903,0.222333,0.018631,-0.246488
23.087743,-0.003917,-0.463826,1.000836,0.003390,-0.086119,-0.009703,-2.081943,0.315777,-0.997479,0.000129,3.636950,-0.922298,1.971554,1.995400,0.011699,0.019295,0.993355,0.000000,0.000000,0.000000,4.731184,0.453402,-4.631868,0.183791,0.064427,-0.309667
23.136384,-0.003968,-0.468528,1.000839,0.001267,-0.071134,-0.008102,-2.155011,0.149681,-1.009514,0.000068,3.636950,7.906518,3.723731,0.656852,0.018584,0.001395,1.002784,0.000000,0.000000,0.000000,5.842198,2.076545,0.145485,0.200058,0.012149,-0.347713
23.187379,-0.003981,-0.472381,0.999861,0.000994,-0.058687,-0.010415,-1.695878,-0.005927,-1.020290,0.000144,3.631672,17.264193,-1.417241,-0.179006,0.022819,0.002319,0.994421,0.000000,0.000000,0.000000,-1.571605,6.989267,-0.140969,0.209551,-0.041342,-0.295181
23.237346,-0.005021,-0.476264,0.999855,-0.002417,-0.054863,-0.006682,-0.825809,-0.047543,-1.011357,0.000019,3.636950,12.478417,12.196144,-0.807286,0.018581,-0.007957,1.007791,0.000000,0.000000,0.000000,2.445703,-13.457847,1.920294,0.281812,0.045020,-0.431869
23.287444,-0.004999,-0.479681,0.999398,0.001369,-0.055037,-0.005169,-0.260116,-0.515676,-1.036155,-0.000061,3.636950,-2.115920,7.116307,1.380930,0.019774,0.007625,0.999280,0.000000,0.000000,0.000000,-6.828506,-3.787354,-1.065382,0.162116,-0.081727,-0.293733
23.336425,-0.004886,-0.482739,0.998914,0.007966,-0.053712,-0.004524,-0.420241,-0.905453,-1.075499,-0.000060,3.636950,-9.989091,-2.729851,0.195607,0.016558,0.009264,1.003283,0.000000,0.000000,0.000000,0.390431,-16.793966,12.564968,0.191708,0.007950,-0.457443
23.387475,-0.004772,-0.485594,0.998972,0.013319,-0.048177,0.000061,-0.944562,-0.763873,-1.098824,0.000080,3.631672,-11.557063,-7.029131,0.598959,0.020227,0.005656,1.008224,0.000000,0.000000,0.000000,-1.347491,0.617737,9.017696,0.150125,0.051959,-0.409191
23.436394,-0.004725,-0.488166,0.999050,0.014485,-0.038173,0.003112,-1.461988,-0.314805,-1.140738,0.000183,3.636950,-4.058894,-11.473642,-1.064858,0.027960,-0.002673,1.001603,0.000000,0.000000,0.000000,2.864496,-12.437037,8.593957,0.163584,-0.034865,-0.322615
23.487352,-0.004770,-0.490014,0.999059,0.010993,-0.025861,0.002809,-1.626011,0.194610,-1.153896,0.000187,3.636950,3.612602,-3.665744,-1.170199,0.028356,0.004700,1.003767,0.000000,0.000000,0.000000,11.392863,-11.352033,7.261959,0.178042,0.036079,-0.389027
23.536479,-0.004858,-0.491830,0.999032,0.006223,-0.017437,0.001517,-1.307207,0.349065,-1.169267,0.000146,3.636950,10.593081,5.835474,1.698511,0.015610,0.004574,0.998163,0.000000,0.000000,0.000000,-6.685420,-2.824431,-1.862426,0.302784,0.097449,-0.426356
23.587402,-0.003875,-0.493157,0.999015,0.007843,-0.013418,0.000615,-0.648758,0.024397,-1.199018,-0.000183,3.636950,13.474309,7.053141,3.423255,0.027042,-0.008100,0.995232,0.000000,0.000000,0.000000,-6.662126,-9.644798,10.286587,0.153643,0.099851,-0.412130
23.636478,-0.003838,-0.494791,0.999003,0.008971,-0.016653,-0.000030,0.033737,-0.375115,-1.210118,-0.000017,3.636950,7.309205,6.359744,-2.531314,0.011512,0.004421,0.997078,0.000000,0.000000,0.000000,5.411997,-11.385292,0.970881,0.282685,-0.010248,-0.427588
23.686464,-0.003805,-0.496276,0.998977,0.010672,-0.021640,-0.001853,0.297181,-0.415220,-1.186840,0.000092,3.636950,-9.890605,-6.496848,-1.175018,0.028082,0.004260,0.992223,0.000000,0.000000,0.000000,0.226982,-2.337115,-8.375907,0.146660,0.039377,-0.396939
23.737395,-0.003800,-0.497905,0.998422,0.010284,-0.023063,-0.003877,-0.267347,-0.127414,-1.193836,0.000087,3.631672,-18.144207,-4.790939,-0.332832,0.020700,0.002332,1.002891,0.000000,0.000000,0.000000,-5.676622,1.766451,-1.653445,0.183270,0.047053,-0.413300
23.787487,-0.002892,-0.498839,0.998002,0.011760,-0.015010,-0.003138,-1.174034,0.015563,-1.208970,0.000097,3.631672,-11.156742,-6.268544,1.056458,0.015799,0.005776,1.007503,0.000000,0.000000,0.000000,-4.535870,-9.827708,1.286722,0.131698,0.069582,-0.418616
23.836298,-0.002826,-0.499900,0.998823,0.008148,-0.004614,0.005159,-1.548811,0.286652,-1.173975,0.000200,3.636950,5.624451,-3.988686,-1.201152,0.025158,-0.003529,1.006135,0.000000,0.000000,0.000000,5.494241,-2.564859,-7.592265,0.206167,0.094375,-0.304286
23.887482,-0.002913,-0.500745,0.999102,0.003225,0.002374,0.004835,-1.146445,0.438428,-1.145588,0.000153,3.636950,17.254114,-0.839298,2.423212,0.012687,0.000438,0.995062,0.000000,0.000000,0.000000,-2.400510,-0.392665,4.389793,0.259117,-0.106365,-0.324828
23.936481,-0.002990,-0.500908,0.999046,-0.000255,0.005333,0.001050,-0.454429,0.330628,-1.112984,-0.000035,3.636950,3.958699,8.766743,0.187898,0.021662,-0.003476,0.985961,0.000000,0.000000,0.000000,-8.905271,4.013792,-0.757719,0.244438,0.026614,-0.371985
23.986442,-0.003941,-0.501886,0.998996,-0.003132,0.003233,-0.000492,-0.314781,-0.136985,-1.145408,-0.000018,3.631672,-7.735090,7.244310,0.339809,0.018177,-0.000103,0.995992,0.000000,0.000000,0.000000,-1.322309,-13.202436,5.585644,0.215999,-0.025500,-0.389044
24.037382,-0.004013,-0.501891,0.998976,0.000195,0.007065,-0.001726,-0.694828,-0.418594,-1.136266,0.000114,3.631672,-11.631640,-2.685897,0.593647,0.035334,0.001376,0.990807,0.000000,0.000000,0.000000,-8.623706,12.946921,3.888081,0.148748,-0.033464,-0.483196
24.086405,-0.003951,-0.501762,0.999973,0.003292,0.014851,0.001918,-1.203141,-0.334146,-1.129034,0.000156,3.636950,-0.579463,-5.183636,-0.386334,0.022133,-0.009233,1.010348,0.000000,0.000000,0.000000,13.057240,-10.085416,1.198227,0.242888,-0.055882,-0.448570
24.136324,-0.003926,-0.500611,1.000046,0.003978,0.025454,0.002490,-1.170834,-0.107398,-1.123979,0.000213,3.636950,14.023390,-4.149186,-0.616162,0.023176,0.001714,1.001200,0.000000,0.000000,0.000000,4.497512,5.855246,-3.233014,0.263274,0.092213,-0.323626
24.186478,-0.003937,-0.500504,0.999987,0.003123,0.025662,-0.001496,-0.399095,0.025892,-1.074045,0.000035,3.636950,14.456473,6.272091,0.238085,0.019811,-0.001465,0.998013,0.000000,0.000000,0.000000,-20.948565,-5.834630,1.376558,0.228402,0.007307,-0.398099
24.235442,-0.003931,-0.500597,0.999924,0.004026,0.019100,-0.005431,0.329077,-0.264377,-1.079321,0.000022,3.631672,4.272120,3.680190,0.710919,0.016420,-0.004633,0.986436,0.000000,0.000000,0.000000,-7.011890,14.572040,3.020670,0.244562,-0.046986,-0.396227
24.287307,-0.003882,-0.500748,0.999863,0.007134,0.011222,-0.007899,0.491025,-0.534926,-1.072477,0.000024,3.631672,-8.989703,0.601848,-0.605529,0.020528,-0.000318,0.993278,0.000000,0.000000,0.000000,-15.462348,13.331943,-7.988468,0.199259,-0.042808,-0.450486
24.336357,-0.003823,-0.500843,0.999861,0.009918,0.007636,-0.006619,0.029618,-0.464007,-1.071664,0.000122,3.631672,-13.201635,-6.320757,-0.021592,0.016924,-0.002697,1.005201,0.000000,0.000000,0.000000,-3.719085,4.896010,1.852065,0.175645,-0.028383,-0.465026
24.386519,-0.002774,-0.499903,0.999910,0.013210,0.012418,-0.003855,-0.503935,-0.141670,-1.021438,0.000123,3.631672,-3.181410,-6.403181,-0.008257,0.024936,0.006328,1.001234,0.000000,0.000000,0.000000,6.270031,5.831960,-7.016927,0.140065,-0.001325,-0.390806
24.436331,-0.002791,-0.499864,0.999948,0.009879,0.014552,-0.002765,-0.547248,0.205655,-1.003728,0.000184,3.631672,6.592519,-8.173443,-0.002831,0.024139,-0.000304,1.000322,0.000000,0.000000,0.000000,5.273427,9.108367,5.619883,0.151743,0.075121,-0.393533
24.488310,-0.002884,-0.500727,0.999938,0.004593,0.011023,-0.003641,-0.188366,0.470847,-0.990401,0.000111,3.631672,5.602942,5.036829,-1.756596,0.020770,0.008260,0.994062,0.000000,0.000000,0.000000,6.255423,-6.380069,6.507486,0.144429,0.043318,-0.328174
24.537416,-0.001966,-0.499880,0.999922,0.004164,0.012519,-0.004090,-0.076744,0.300058,-0.991158,-0.000044,3.631672,-7.069924,1.700522,0.493803,0.021968,-0.002801,1.004090,0.000000,0.000000,0.000000,-0.225602,-21.696632,3.630909,0.174736,0.068263,-0.468627
24.587330,-0.001953,-0.499757,0.999947,0.002001,0.013416,-0.002283,-0.440288,0.169163,-0.986603,0.000024,3.631672,-9.984943,0.449418,0.358397,0.012254,-0.006937,1.003408,0.000000,0.000000,0.000000,-2.732182,-16.960358,1.161168,0.210501,0.033671,-0.398032
24.637397,-0.001996,-0.499699,0.999966,-0.000569,0.016833,-0.001441,-0.776417,0.293414,-0.975488,0.000262,3.631672,3.326737,-5.785239,0.940218,0.018757,-0.000155,1.002286,0.000000,0.000000,0.000000,-0.444482,-1.464653,-0.528772,0.212559,-0.077624,-0.459089
24.687755,-0.003002,-0.499648,0.999975,-0.007772,0.019018,-0.001497,-0.611954,0.519175,-0.956061,0.000217,3.631672,3.113829,4.432720,-1.625699,0.023331,-0.000967,0.995301,0.000000,0.000000,0.000000,-0.826800,17.190929,-6.532274,0.191051,-0.036709,-0.306451
24.736382,-0.003180,-0.499097,0.999953,-0.009793,0.021559,-0.003004,-0.507053,0.284454,-0.964330,0.000097,3.631672,-0.693599,6.388031,-0.867233,0.021276,-0.003444,0.991021,0.000000,0.000000,0.000000,-3.389245,0.415542,-3.034044,0.218932,0.027599,-0.384782
24.786372,-0.003167,-0.498568,0.998951,-0.007999,0.023587,-0.004779,-0.544871,-0.081149,-0.947968,0.000026,3.631672,0.543098,6.546649,0.916174,0.016770,-0.000022,1.013951,0.000000,0.000000,0.000000,2.117169,-2.831177,-5.379402,0.230039,-0.103771,-0.406635
24.836397,-0.003090,-0.497757,0.998923,-0.003337,0.025884,-0.003852,-0.467226,-0.446687,-0.979117,0.000042,3.626393,-1.525797,4.689847,-1.869524,0.018812,-0.008293,0.997889,0.000000,0.000000,0.000000,4.032672,-16.315613,6.188861,0.313716,-0.014985,-0.311078
24.886395,-0.002994,-0.497510,0.998957,0.001737,0.025971,-0.002006,-0.521730,-0.560469,-0.969161,0.000106,3.631672,-4.254323,-4.693264,1.538713,0.021559,-0.001599,1.005327,0.000000,0.000000,0.000000,4.929605,23.788771,-5.617084,0.162056,-0.099258,-0.364480
24.937383,-0.003953,-0.496462,0.998989,0.001674,0.030031,-0.000454,-0.709070,-0.380536,-0.974662,0.000245,3.631672,-0.976949,-9.699358,1.442317,0.016598,0.002117,0.996395,0.000000,0.000000,0.000000,4.239853,-2.567558,-7.686010,0.219266,-0.033764,-0.306814
24.987339,-0.003961,-0.495420,0.998988,0.001972,0.033869,-0.000834,-0.725138,-0.003446,-0.958955,0.000179,3.631672,-1.239787,-0.468754,0.633291,0.019461,0.002278,0.997324,0.000000,0.000000,0.000000,-1.073091,1.602126,3.092108,0.141953,0.006550,-0.394989
25.035427,-0.003436,-0.494350,0.999966,0.003678,0.037609,0.001124,-0.806823,-0.055495,-0.980191,-0.000010,3.631672,-4.430800,6.436059,-1.576848,0.025947,0.000831,0.995398,0.000000,0.000000,0.000000,7.163701,-3.989582,5.620460,0.210188,-0.017916,-0.417941
25.087467,-0.002891,-0.492433,1.000015,0.007050,0.044919,0.000717,-0.976454,-0.332683,-0.975290,0.000036,3.631672,3.578652,-0.004006,-3.193445,0.025686,0.004081,0.999108,0.000000,0.000000,0.000000,4.098321,2.071832,-0.856149,0.221609,-0.064622,-0.423232
25.136691,-0.002848,-0.491211,1.000010,0.008140,0.047874,0.000009,-0.773052,-0.230261,-0.969219,0.000076,3.631672,6.209432,-8.262725,0.960713,0.029710,-0.012415,0.981825,0.000000,0.000000,0.000000,13.151621,-1.663938,3.819656,0.188939,0.052649,-0.488982
25.186413,-0.002860,-0.489299,0.999926,0.006959,0.050746,-0.004897,-0.586130,0.014080,-0.960501,0.000074,3.631672,-5.083038,-2.289376,-0.092302,0.018881,-0.010666,1.002890,0.000000,0.000000,0.000000,2.000477,-5.318078,-3.770083,0.230991,-0.126294,-0.536428
25.236462,-0.002893,-0.487258,0.999949,0.005033,0.055369,-0.002257,-0.880854,0.116293,-0.945276,0.000099,3.631672,-8.101306,-2.400588,0.721951,0.020566,-0.002125,0.996427,0.000000,0.000000,0.000000,2.753105,2.502174,-1.422257,0.202603,-0.046477,-0.353786
25.286340,-0.002936,-0.485105,0.999961,0.002758,0.062160,-0.001550,-1.191857,0.183220,-0.937464,0.000031,3.631672,-2.833816,0.518226,0.508987,0.020025,-0.009386,1.002447,0.000000,0.000000,0.000000,-5.565973,-6.299131,-6.821850,0.219260,-0.004081,-0.352077
25.336458,-0.002963,-0.482306,0.999979,0.001824,0.071316,-0.001475,-1.329550,0.031997,-0.954434,-0.000045,3.631672,-4.575834,8.576523,-0.608294,0.028264,-0.007718,0.992638,0.000000,0.000000,0.000000,-0.109587,-2.024603,2.574943,0.234239,-0.140337,-0.306562
25.387474,-0.001943,-0.479120,0.999997,0.006972,0.081506,0.000821,-1.506832,-0.324608,-0.991266,-0.000069,3.631672,0.630908,2.384492,-0.708820,0.014916,0.000579,1.010201,0.000000,0.000000,0.000000,3.334189,1.289825,-8.076949,0.242948,-0.093429,-0.352541
25.436358,-0.001832,-0.475692,0.999989,0.009490,0.089874,-0.000823,-1.330529,-0.397263,-0.973120,-0.000010,3.631672,5.124450,-2.361497,0.170240,0.018659,-0.002119,0.998843,0.000000,0.000000,0.000000,-6.294964,-2.221359,5.199222,0.206858,-0.035494,-0.337404
25.487690,-0.001806,-0.471859,0.999968,0.010238,0.096090,-0.002601,-1.043715,-0.242994,-0.971943,0.000037,3.631672,-0.659719,-4.730198,-3.055587,0.019683,-0.006261,0.987931,0.000000,0.000000,0.000000,-6.701920,-1.046346,-3.054779,0.187621,-0.106433,-0.325227
25.536487,-0.001820,-0.466947,0.999935,0.009119,0.105205,-0.003145,-1.138085,-0.051506,-0.996499,0.000041,3.626393,-10.278753,-1.072672,1.590786,0.021463,-0.013478,1.000171,0.000000,0.000000,0.000000,-11.238163,13.920010,-7.979130,0.171560,-0.041438,-0.449527
25.587499,-0.000816,-0.462735,0.999930,0.010769,0.114129,-0.004068,-1.661645,0.018674,-0.991503,-0.000012,3.631672,-4.773559,-3.303002,-0.541050,0.015050,-0.007627,1.001936,0.000000,0.000000,0.000000,5.323379,1.797012,3.212316,0.215492,-0.059062,-0.413321
25.636366,-0.000827,-0.457552,0.999945,0.008388,0.126733,-0.002961,-1.805563,0.106058,-0.970182,0.000042,3.631672,2.441589,-0.152815,-1.091011,0.016674,0.004940,0.988851,0.000000,0.000000,0.000000,-1.406937,16.180559,-5.515103,0.179149,-0.101587,0.035462
25.686507,-0.000875,-0.451352,0.998912,0.005938,0.139798,-0.007775,-1.726301,0.143334,-0.987280,-0.000052,3.626393,1.999389,2.127482,-0.230575,0.018438,0.001620,1.003356,0.000000,0.000000,0.000000,-5.540886,-10.320911,0.245794,0.167520,-0.072524,-0.460157
25.736450,0.000132,-0.445200,0.998893,0.008327,0.150476,-0.005080,-1.698685,-0.051880,-1.007404,-0.000049,3.626393,4.482445,-0.390401,-0.083869,0.022619,-0.002016,1.002946,0.000000,0.000000,0.000000,-0.093331,17.871080,-12.346333,0.151062,-0.036220,-0.402281
25.786365,0.000145,-0.438438,0.998948,0.007351,0.160083,-0.001874,-1.472275,-0.010938,-0.988945,-0.000079,3.626393,3.001627,1.182639,-0.444945,0.025095,-0.009997,1.006925,0.000000,0.000000,0.000000,3.140963,1.536889,-11.540014,0.192597,-0.104887,-0.369840
25.837484,0.000128,-0.431289,0.999005,0.006488,0.167801,0.000040,-1.305109,-0.036469,-0.988307,-0.000072,3.626393,-8.008364,-0.469882,0.498349,0.026181,-0.011837,0.994695,0.000000,0.000000,0.000000,7.206407,-7.311124,2.578260,0.229416,-0.065777,-0.338427
25.887481,0.000114,-0.423876,0.999830,0.005745,0.176473,0.004647,-1.553955,-0.010394,-0.953293,-0.000096,3.631672,-1.835307,-1.593361,0.891601,0.020050,-0.002803,1.003216,0.000000,0.000000,0.000000,-0.417488,4.583085,-1.715720,0.227346,-0.212488,-0.401890
25.935577,0.000110,-0.415753,1.000073,0.005924,0.187286,0.003758,-1.692655,-0.144569,-0.963211,-0.000171,3.631672,-4.998207,4.644978,0.989376,0.017453,-0.008027,1.002914,0.000000,0.000000,0.000000,-6.518905,-0.875638,-0.638520,0.227147,-0.098389,-0.359235
25.987441,0.000135,-0.406957,1.000046,0.007636,0.199486,0.001556,-1.817897,-0.323801,-0.988475,-0.000223,3.631672,2.043224,-1.437098,0.380042,0.029117,-0.010920,0.995488,0.000000,0.000000,0.000000,7.526868,-17.370651,6.496598,0.116679,-0.105898,-0.249377
26.035386,0.000177,-0.397836,0.999981,0.009939,0.210911,-0.002031,-1.822103,-0.435081,-1.001009,-0.000175,3.626393,1.937919,-3.023825,-1.111329,0.017574,-0.004202,0.990465,0.000000,0.000000,0.000000,6.616071,-23.202879,8.322083,0.325253,-0.097743,-0.404238
26.086486,0.001007,-0.388640,0.999955,0.013828,0.220052,-0.002312,-1.764031,-0.280205,-1.022467,-0.000185,3.626393,-1.100294,-5.915671,4.276103,0.025860,-0.006502,1.003055,0.000000,0.000000,0.000000,14.938819,-6.646365,5.199987,0.241557,-0.209058,-0.314810
26.135322,0.001264,-0.378452,0.999968,0.013865,0.231875,-0.001568,-1.861697,-0.105580,-1.018114,-0.000126,3.631672,0.633360,-4.566986,0.558100,0.024530,-0.009076,0.997529,0.000000,0.000000,0.000000,-1.255401,-1.692703,7.277856,0.201980,-0.105686,-0.358155
26.186326,0.002169,-0.368246,0.999964,0.014857,0.242354,-0.001875,-1.938758,0.011976,-1.075414,-0.000227,3.626393,-6.721987,-0.072308,-3.524606,0.010249,-0.009956,1.010475,0.000000,0.000000,0.000000,-4.399033,3.947427,4.656006,0.218255,-0.097839,-0.395947
26.235301,0.003052,-0.356479,0.999974,0.015326,0.258036,-0.001767,-2.179875,0.068193,-1.114592,-0.000109,3.631672,6.859037,-7.657616,2.664405,0.029880,-0.013379,0.996301,0.000000,0.000000,0.000000,9.960546,7.901301,-0.555591,0.122221,-0.200295,-0.339223
26.286411,0.003238,-0.344974,0.999957,0.011519,0.269298,-0.002354,-1.935737,0.309457,-1.127886,-0.000107,3.626393,5.794588,1.125988,-4.030997,0.015340,-0.010953,1.002158,0.000000,0.000000,0.000000,4.197927,-14.280627,4.412668,0.239708,-0.087309,-0.394671
26.335441,0.004150,-0.332805,0.998919,0.009745,0.278044,-0.005917,-1.595022,0.394318,-1.216607,-0.000255,3.626393,2.369566,0.945004,1.145801,0.027515,-0.015877,0.999809,0.000000,0.000000,0.000000,-7.390824,-1.489930,3.803421,0.215374,-0.176102,-0.387913
26.387486,0.004933,-0.320007,0.998925,0.008866,0.286654,-0.003388,-1.548265,0.246887,-1.237082,-0.000213,3.626393,0.860095,2.070334,-1.609403,0.011014,-0.014054,1.004889,0.000000,0.000000,0.000000,4.852697,0.441214,0.906146,0.222749,-0.140832,-0.403950
26.436300,0.005135,-0.306888,0.998953,0.006563,0.294486,-0.002893,-1.448783,0.231687,-1.250570,-0.000139,3.626393,1.643592,-3.940774,-1.097006,0.033966,-0.011993,0.990109,0.000000,0.000000,0.000000,-3.782274,-9.097487,0.185408,0.162455,-0.163737,-0.402229
26.485410,0.005600,-0.293760,0.998919,0.004111,0.301002,-0.003994,-1.477923,0.481102,-1.249750,-0.000133,3.626393,-4.768712,-3.624465,-1.572946,0.020287,-0.015445,1.005417,0.000000,0.000000,0.000000,-6.982862,-8.269039,-2.905750,0.276825,-0.154007,-0.519111
26.536322,0.006019,-0.279727,0.998931,0.000228,0.311176,-0.003456,-1.738488,0.636867,-1.278643,-0.000090,3.626393,-5.805431,-0.219583,0.488276,0.024718,-0.003623,0.999514,0.000000,0.000000,0.000000,-3.521453,8.789448,-6.942905,0.205942,-0.171815,-0.459353
26.586318,0.005938,-0.265391,0.998920,-0.004331,0.322370,-0.004655,-1.985870,0.546487,-1.299003,-0.000180,3.626393,-2.629174,2.510893,-0.798086,0.020245,-0.014775,0.993540,0.000000,0.000000,0.000000,-8.087148,10.513166,1.026813,0.268818,-0.041408,-0.552106
26.635457,0.006145,-0.250394,0.998908,-0.006243,0.334855,-0.005276,-2.049468,0.459754,-1.306532,-0.000143,3.626393,4.183478,0.165796,-1.198316,0.023802,-0.008394,0.996642,0.000000,0.000000,0.000000,0.924233,-21.835796,9.164617,0.297648,-0.165581,-0.537768
26.685370,0.006343,-0.234218,0.997857,-0.007634,0.348492,-0.008828,-1.932058,0.364504,-1.302719,-0.000278,3.621114,4.536385,2.029227,0.609673,0.029944,-0.018010,0.998776,0.000000,0.000000,0.000000,0.604064,-13.990897,10.510704,0.184713,-0.116327,-0.501332
26.736598,0.006863,-0.218175,0.997862,-0.006296,0.358102,-0.006437,-1.706807,0.166708,-1.327656,-0.000229,3.621114,3.015619,6.410692,-1.211575,0.013130,-0.002942,1.007992,0.000000,0.000000,0.000000,-5.965401,4.009412,-1.572169,0.307520,-0.234171,-0.483900
26.785363,0.006893,-0.201833,0.997915,-0.005117,0.365361,-0.003395,-1.524026,-0.014941,-1.363217,-0.000314,3.621114,1.784894,-1.270159,-2.304437,0.030811,-0.015383,1.005707,0.000000,0.000000,0.000000,0.821367,-26.706287,4.862588,0.201553,-0.144015,-0.549173
26.836496,0.006919,-0.184769,0.997963,-0.003852,0.372655,-0.001781,-1.408175,-0.025778,-1.378829,-0.000219,3.626393,4.158030,-1.534026,-0.948097,0.023635,-0.011946,1.002159,0.000000,0.000000,0.000000,12.629180,-16.967331,-10.728569,0.317147,-0.143501,-0.428405
26.887350,0.007868,-0.167136,0.997987,-0.000204,0.379017,0.000063,-1.143348,0.034761,-1.386041,-0.000174,3.621114,4.758123,-4.270484,0.861970,0.018639,-0.005077,1.008902,0.000000,0.000000,0.000000,-3.168514,10.696666,-2.438696,0.243831,-0.131101,-0.419478
26.936387,0.007981,-0.149736,0.998007,-0.001238,0.382049,0.000288,-0.985168,0.214467,-1.398445,-0.000238,3.621114,1.990523,1.602763,-0.482748,0.020920,-0.006557,1.006510,0.000000,0.000000,0.000000,-9.857450,5.050105,9.302909,0.145041,-0.022260,-0.394078
26.986348,0.008883,-0.131737,0.998017,-0.000056,0.386124,0.000873,-0.951594,0.269244,-1.396826,-0.000246,3.626393,4.555404,-6.719307,0.013299,0.037820,-0.013054,0.993784,0.000000,0.000000,0.000000,-0.508176,0.423949,-1.998041,0.235320,-0.113031,-0.404095
27.035455,0.008960,-0.113614,0.998015,-0.002853,0.388792,0.001094,-0.775078,0.421785,-1.420122,-0.000175,3.621114,1.948839,-2.246418,0.606402,0.022434,-0.008569,1.005233,0.000000,0.000000,0.000000,-6.834421,3.349025,-13.103059,0.335436,-0.113224,-0.509768
27.085403,0.008886,-0.095059,0.998054,-0.007155,0.391343,0.002771,-0.627522,0.618719,-1.417522,-0.000157,3.626393,-2.484005,-2.076781,0.319936,0.033445,-0.016583,0.992635,0.000000,0.000000,0.000000,-1.947747,9.499713,-2.503392,0.232004,-0.131796,-0.363158
27.135324,0.009334,-0.076897,0.999063,-0.009726,0.392387,0.006387,-0.680769,0.723370,-1.414338,-0.000162,3.626393,3.116742,-0.258511,-0.257727,0.025869,-0.013759,0.999338,0.000000,0.000000,0.000000,13.469325,11.166465,-9.008616,0.281913,-0.194976,-0.532644
27.186354,0.008747,-0.058595,0.999101,-0.014774,0.392755,0.004900,-0.538098,0.565912,-1.439863,-0.000201,3.626393,5.929605,0.625609,-0.079383,0.031212,-0.020530,0.990560,0.000000,0.000000,0.000000,-4.506202,20.614069,-12.583311,0.271503,-0.196326,-0.417490
27.236456,0.008699,-0.040023,0.999599,-0.016035,0.392442,0.004728,-0.315928,0.447818,-1.443809,-0.000241,3.626393,0.305839,5.345190,-0.804425,0.022108,-0.008370,0.997190,0.000000,0.000000,0.000000,-4.830369,1.979621,-4.990702,0.310584,-0.179155,-0.407852
27.286383,0.008699,-0.021624,1.000079,-0.015386,0.390936,0.004403,-0.294086,0.202481,-1.422904,-0.000285,3.626393,1.913603,6.835178,1.091464,0.020782,-0.017210,0.997720,0.000000,0.000000,0.000000,-4.539674,9.639729,-1.731055,0.209084,-0.120217,-0.408307
27.336474,0.008734,-0.002932,1.000037,-0.013293,0.390429,0.001012,-0.248909,0.027399,-1.448183,-0.000152,3.621114,-0.691307,-4.527263,1.618978,0.020802,-0.010838,0.997114,0.000000,0.000000,0.000000,0.969054,12.484870,-10.710573,0.174797,-0.147040,-0.413248
27.386482,0.007725,0.014393,1.000001,-0.015795,0.384881,-0.000179,-0.179763,0.214926,-1.417009,-0.000089,3.621114,3.670401,-6.085050,2.837262,0.033458,-0.013061,0.995824,0.000000,0.000000,0.000000,15.015373,-5.315335,-0.488874,0.143708,-0.067670,-0.429493
27.435402,0.007695,0.032807,0.999964,-0.015963,0.383063,-0.002766,-0.016865,0.346105,-1.353126,-0.000174,3.626393,-0.905439,2.679039,1.778072,0.019118,-0.013260,0.996463,0.000000,0.000000,0.000000,-3.009913,-4.216162,0.427509,0.363391,-0.182127,-0.515045
27.486351,0.006700,0.051159,0.999929,-0.018454,0.381111,-0.003873,-0.035129,0.163820,-1.326520,-0.000263,3.626393,-1.560274,-0.208014,3.805426,0.030177,-0.018163,0.998448,0.000000,0.000000,0.000000,-2.490951,11.460666,-5.885822,0.175957,-0.191043,-0.432181
27.536365,0.006692,0.069757,0.999916,-0.015124,0.381206,-0.003907,-0.191939,-0.095921,-1.284871,-0.000142,3.621114,-3.597059,2.508286,-0.608469,0.022726,-0.009047,1.003904,0.000000,0.000000,0.000000,-4.588564,-6.067610,-1.733509,0.251804,-0.145686,-0.453513
27.585421,0.005750,0.087880,0.999943,-0.015444,0.379945,-0.003106,-0.165158,-0.060104,-1.217853,-0.000048,3.626393,5.271991,3.320327,0.615039,0.020031,-0.012496,0.998842,0.000000,0.000000,0.000000,-1.406951,13.701624,-11.947357,0.286714,-0.172242,-0.409687
27.636440,0.004870,0.105855,0.999949,-0.016012,0.375936,-0.002288,0.216563,0.006239,-1.138075,-0.000094,3.626393,8.617736,1.577822,1.753199,0.026152,-0.011502,1.003434,0.000000,0.000000,0.000000,5.455360,2.607018,-1.093008,0.167927,-0.065753,-0.351047
27.688323,0.004734,0.124001,0.999665,-0.013022,0.369783,-0.004545,0.589452,-0.168721,-1.097862,-0.000208,3.621114,1.737840,5.164266,0.873303,0.027006,-0.024708,0.997871,0.000000,0.000000,0.000000,-12.174928,4.166730,0.248998,0.271410,-0.063723,-0.480600
27.735445,0.003883,0.141598,0.998877,-0.011216,0.361274,-0.007528,0.760743,-0.385500,-1.032892,-0.000219,3.621114,4.411071,4.255113,-0.079939,0.023336,-0.008308,0.997802,0.000000,0.000000,0.000000,-0.094114,13.340518,-0.273405,0.267397,-0.189104,-0.452547
27.786418,0.003869,0.158740,0.998887,-0.004982,0.350985,-0.005962,0.994839,-0.691098,-1.021723,-0.000329,3.621114,-1.915090,4.828163,-0.092284,0.029065,-0.014445,0.993734,0.000000,0.000000,0.000000,-2.387000,-5.681729,2.894367,0.253033,-0.159745,-0.457351
27.835473,0.004003,0.175719,0.998369,0.002202,0.341586,-0.006814,0.975235,-0.810691,-0.991374,-0.000252,3.621114,2.449517,-4.152590,2.269748,0.027734,-0.011485,0.996356,0.000000,0.000000,0.000000,2.227974,-3.386349,-3.644515,0.245001,-0.081750,-0.516366
27.884289,0.004119,0.192388,0.997857,0.007813,0.332763,-0.007643,0.991397,-0.758073,-0.972435,-0.000302,3.621114,-4.653655,-2.721144,-2.123974,0.018943,-0.010609,1.004279,0.000000,0.000000,0.000000,-0.472198,-5.853552,-4.381072,0.297447,-0.094833,-0.539909
27.936352,0.004197,0.208403,0.997912,0.011101,0.324966,-0.003493,0.706863,-0.538755,-0.976049,-0.000135,3.621114,-6.484861,-12.058595,1.587222,0.017723,-0.001570,1.009043,0.000000,0.000000,0.000000,3.030663,6.695034,7.137283,0.203958,-0.092378,-0.367761
27.986518,0.005203,0.224374,0.997959,0.013482,0.320937,-0.001658,0.392225,-0.088954,-0.933657,-0.000106,3.621114,-0.253890,-8.012568,0.232097,0.023707,-0.011751,1.002101,0.000000,0.000000,0.000000,6.052561,18.085897,2.027627,0.199813,0.056068,-0.496069
28.035438,0.005733,0.239856,0.997989,0.011121,0.317202,-0.000404,0.299981,0.290929,-0.945137,-0.000094,3.621114,0.765295,-5.349759,2.254790,0.022805,-0.012048,1.001585,0.000000,0.000000,0.000000,7.291653,11.133898,5.740022,0.151686,-0.091473,-0.383307
28.086291,0.006106,0.255276,0.997912,0.006218,0.313517,0.002587,0.367245,0.563951,-0.892083,-0.000157,3.621114,4.883788,-5.423692,0.289636,0.027925,-0.003518,1.001778,0.000000,0.000000,0.000000,5.895473,-14.328623,-1.727544,0.234472,-0.109880,-0.267586
28.136300,0.006022,0.270170,0.998052,-0.000728,0.306778,0.002943,0.649511,0.726348,-0.893958,-0.000097,3.621114,6.998717,2.438342,0.518331,0.010905,-0.019837,1.003943,0.000000,0.000000,0.000000,0.577851,3.012252,4.731931,0.284778,-0.097197,-0.484248
28.186475,0.005962,0.282026,0.997469,-0.005604,0.300254,-0.000672,0.974175,0.687782,-0.880408,-0.000156,3.621114,8.119536,3.650203,-0.919300,0.027633,-0.009606,0.997154,0.000000,0.000000,0.000000,0.489980,-16.472937,8.411144,0.219501,-0.155325,-0.439156
28.237498,0.004950,0.296170,0.997991,-0.012667,0.288375,0.000715,1.329939,0.489654,-0.851194,-0.000141,3.621114,4.488119,7.230449,-1.640670,0.018768,-0.013737,0.994071,0.000000,0.000000,0.000000,0.736045,-3.362014,-3.314913,0.276892,-0.149222,-0.452900
28.285475,0.004100,0.310051,0.997986,-0.015919,0.275113,-0.002293,1.612721,0.090774,-0.871849,-0.000207,3.621114,0.297163,6.153672,0.945928,0.022953,-0.010180,1.000895,0.000000,0.000000,0.000000,-7.720069,17.719242,-0.688191,0.158903,-0.177344,-0.464406
28.336392,0.003868,0.323189,0.997984,-0.013296,0.260675,-0.001149,1.638184,-0.268226,-0.857203,-0.000178,3.621114,0.341851,6.646753,-0.182096,0.025298,-0.016016,1.001023,0.000000,0.000000,0.000000,-6.299149,-2.992831,-2.229677,0.181217,-0.063666,-0.540727
28.385309,0.002907,0.335194,0.997989,-0.011361,0.244375,-0.001718,1.698920,-0.426940,-0.832557,-0.000079,3.621114,-1.309435,3.953306,-0.100803,0.024173,-0.011037,1.001901,0.000000,0.000000,0.000000,-0.051648,6.115088,5.366312,0.258712,-0.124009,-0.357225
28.435471,0.002929,0.347055,0.997991,-0.005707,0.230263,-0.000688,1.612794,-0.573883,-0.825004,-0.000241,3.621114,-6.684287,2.972526,-0.039352,0.019519,0.008547,0.993018,0.000000,0.000000,0.000000,1.945308,-0.818409,-3.858970,0.273774,-0.085281,-0.442128
28.486444,0.001985,0.358080,0.997985,-0.003190,0.217946,-0.001547,1.266943,-0.588698,-0.812818,-0.000117,3.621114,-6.570054,-4.616279,-0.562275,0.025177,-0.008451,1.001631,0.000000,0.000000,0.000000,-5.506849,-3.008612,0.527263,0.213232,0.078608,-0.530237
28.537303,0.002000,0.368865,0.997997,0.001063,0.209590,-0.000103,0.902921,-0.427350,-0.811591,-0.000170,3.621114,-10.251663,-1.231584,-0.036770,0.022379,-0.005569,0.990829,0.000000,0.000000,0.000000,-2.200912,1.168980,-0.419116,0.181839,-0.086276,-0.355118
28.585272,0.002030,0.379048,0.998965,0.003911,0.204202,0.002875,0.427099,-0.378614,-0.834725,-0.000103,3.621114,-1.643945,-2.872766,-0.278262,0.026257,-0.007992,1.002777,0.000000,0.000000,0.000000,2.383060,-0.907342,-3.368937,0.172939,-0.042670,-0.511081
28.634373,0.002050,0.389019,0.999011,0.005465,0.200989,0.000528,0.360494,-0.203980,-0.834117,0.000000,3.621114,3.167145,-4.153376,-1.555498,0.027497,-0.008704,1.000286,0.000000,0.000000,0.000000,-12.859228,-7.542416,0.403544,0.234830,-0.047505,-0.468715
28.685464,0.002047,0.398986,0.998993,0.004463,0.197281,-0.000945,0.564302,0.093314,-0.851131,-0.000011,3.621114,5.992784,-3.204754,0.115403,0.021465,-0.001393,0.996183,0.000000,0.000000,0.000000,-9.242167,2.974269,-0.169915,0.335936,-0.031916,-0.469550
28.735446,0.002026,0.407940,0.998976,0.002105,0.188773,-0.003584,0.910461,0.165439,-0.855662,-0.000226,3.621114,4.199638,1.895715,0.695420,0.026201,-0.005912,0.993621,0.000000,0.000000,0.000000,0.583199,-13.286537,1.201453,0.201798,0.017155,-0.469824
28.785355,0.002014,0.416882,0.998958,0.001319,0.179192,-0.004744,1.081869,-0.007947,-0.865420,-0.000084,3.621114,2.828601,-0.704573,0.611708,0.016831,-0.009395,1.004773,0.000000,0.000000,0.000000,1.942363,-1.463639,0.157783,0.243897,-0.131265,-0.490401
28.836321,0.002012,0.425250,0.998967,0.001301,0.168541,-0.003629,1.156972,-0.067758,-0.848916,-0.000122,3.621114,2.574262,3.809617,-1.964859,0.026689,-0.002659,0.994354,0.000000,0.000000,0.000000,-9.555478,5.776116,-5.602080,0.186201,-0.148451,-0.402516
28.885413,0.002018,0.433252,0.998962,0.002099,0.157546,-0.003431,1.312400,-0.186812,-0.853274,-0.000149,3.621114,3.806520,0.006671,-0.743833,0.036610,0.000603,1.000393,0.000000,0.000000,0.000000,-3.967348,-4.211116,4.914788,0.227992,-0.062017,-0.446906
28.934297,0.002029,0.440824,0.998982,0.003356,0.145542,-0.001461,1.462369,-0.239182,-0.881288,-0.000098,3.621114,-2.004270,-0.486846,0.873169,0.025692,-0.010289,1.004624,0.000000,0.000000,0.000000,-4.897699,7.001101,2.815297,0.286616,0.013499,-0.417430
28.984439,0.002040,0.447788,0.998982,0.004413,0.133736,-0.001690,1.317782,-0.238464,-0.865748,-0.000145,3.621114,-3.928524,-0.823444,-0.130255,0.026270,-0.019716,0.997419,0.000000,0.000000,0.000000,-9.915268,8.811438,-9.505531,0.203528,0.004881,-0.493202
29.035396,0.002049,0.454187,0.998985,0.005272,0.123577,-0.001330,1.161505,-0.187600,-0.857809,-0.000091,3.621114,0.551502,0.808249,-1.013358,0.015004,-0.010639,0.998022,0.000000,0.000000,0.000000,5.783141,11.551586,4.174704,0.322192,-0.117596,-0.539981
29.085369,0.002054,0.460136,0.998986,0.005584,0.113724,-0.001724,1.183165,-0.117561,-0.898078,-0.000115,3.615836,-0.089439,-0.456061,-1.710925,0.022109,-0.003177,0.989471,0.000000,0.000000,0.000000,4.623286,-6.036644,2.097214,0.222138,-0.095867,-0.440279
29.135611,0.002051,0.465956,0.998984,0.005135,0.105401,-0.001284,1.156349,-0.040832,-0.938374,-0.000202,3.615836,1.138144,2.885840,-0.269397,0.020341,-0.003315,1.002024,0.000000,0.000000,0.000000,4.125398,-12.295751,9.231564,0.226194,-0.064217,-0.520155
29.185415,0.003018,0.470981,1.000001,0.008502,0.095356,0.003201,1.261275,-0.176217,-0.972305,-0.000152,3.621114,2.391250,-1.999435,-1.329470,0.025318,-0.002974,0.998463,0.000000,0.000000,0.000000,-4.933917,10.950006,-0.079436,0.170717,-0.102013,-0.432027
29.234427,0.003079,0.474922,1.000011,0.008270,0.082479,0.000719,1.369450,-0.119188,-0.998794,-0.000084,3.621114,-0.701836,-6.740673,-2.306458,0.023130,-0.001727,0.997715,0.000000,0.000000,0.000000,-4.854454,7.416391,8.083046,0.255867,0.025240,-0.451592
29.285473,0.003067,0.479004,0.999996,0.006131,0.071604,-0.000721,1.410115,0.201226,-1.041715,0.000035,3.621114,-1.930899,-5.834133,-0.637009,0.020725,0.002461,0.997673,0.000000,0.000000,0.000000,-17.466293,31.682384,-14.232322,0.236557,-0.033374,-0.433684
29.335455,0.003034,0.482784,0.999994,0.002438,0.061984,-0.000413,1.295925,0.341464,-1.078784,-0.000053,3.615836,-5.114615,-1.207077,0.073579,0.013232,-0.000187,1.007115,0.000000,0.000000,0.000000,-2.545133,32.937206,-12.104049,0.184068,-0.022700,-0.447446
29.385469,0.003005,0.486142,1.000914,-0.000152,0.055038,0.004186,0.928980,0.192052,-1.132180,-0.000076,3.621114,-5.472486,1.843680,-0.361800,0.033802,0.003948,0.999777,0.000000,0.000000,0.000000,6.706800,7.455529,-11.640482,0.099245,0.058574,-0.405491
29.435474,0.002991,0.489098,1.001042,-0.001409,0.049953,0.005147,0.722289,0.184188,-1.117598,-0.000099,3.621114,1.968505,-0.942465,0.903031,0.023618,-0.002844,1.004159,0.000000,0.000000,0.000000,3.627552,-16.605192,10.966764,0.216021,0.026006,-0.356279
29.486333,0.002979,0.491799,1.001044,-0.002592,0.044961,0.003614,0.834889,0.182363,-1.134871,-0.000047,3.621114,0.891228,0.012572,-0.888996,0.023624,0.001868,0.992704,0.000000,0.000000,0.000000,-7.604934,41.819084,-20.823635,0.246385,-0.046746,-0.359146
29.535420,0.002973,0.494073,1.001012,-0.002920,0.038377,0.000471,0.925281,0.050392,-1.147046,-0.000133,3.621114,-0.964672,5.185398,-0.028359,0.021201,-0.000034,0.992473,0.000000,0.000000,0.000000,3.699644,-17.712780,-2.364164,0.240187,-0.016160,-0.373925
29.585545,0.002979,0.496181,1.000989,-0.001898,0.032476,-0.001235,0.858310,-0.108677,-1.125650,-0.000070,3.615836,1.380277,-0.685429,-0.145848,0.020057,-0.009655,1.000087,0.000000,0.000000,0.000000,0.186155,-2.634411,9.088345,0.159186,0.049145,-0.428006
29.634321,0.002987,0.497999,1.000994,-0.001267,0.026231,-0.000840,0.988685,0.015462,-1.105763,-0.000030,3.615836,0.836874,-4.276440,0.370920,0.020715,0.002169,1.000829,0.000000,0.000000,0.000000,10.520235,-6.116322,1.295217,0.209958,-0.023467,-0.371669
29.685335,0.002984,0.499680,1.001505,-0.001955,0.019669,0.001413,0.994563,0.160514,-1.076444,-0.000107,3.615836,-5.916946,2.197222,-0.324426,0.021020,-0.002302,0.991116,0.000000,0.000000,0.000000,-8.920399,-4.436110,8.132076,0.300126,-0.013557,-0.394005
29.734339,0.003946,0.500892,1.002006,0.000867,0.014293,0.002212,0.683833,0.052152,-1.054752,-0.000098,3.621114,-0.874509,1.388837,0.744379,0.028095,-0.002681,1.002238,0.000000,0.000000,0.000000,-3.860160,9.067581,1.747424,0.192174,-0.042328,-0.461429
29.783312,0.004003,0.501989,1.002016,0.000248,0.010863,0.001176,0.614343,0.103567,-1.077452,-0.000110,3.621114,0.900339,-4.506694,0.124918,0.027704,0.004962,0.992003,0.000000,0.000000,0.000000,-4.948461,-5.914739,3.529785,0.186101,0.023843,-0.328837
29.835466,0.003989,0.502830,1.001999,-0.001802,0.007103,-0.000449,0.661544,0.310718,-1.079988,0.000015,3.621114,-2.738234,-2.687937,-1.053079,0.017432,0.002225,0.993787,0.000000,0.000000,0.000000,-10.397129,5.490020,-12.616517,0.257964,0.049838,-0.425438
29.885434,0.003962,0.503029,1.001990,-0.004858,0.002239,-0.000806,0.515207,0.437057,-1.081427,0.000054,3.615836,-1.777223,-1.665323,-0.501957,0.016301,0.004658,0.998847,0.000000,0.000000,0.000000,7.741386,15.421126,-5.507071,0.173338,-0.028227,-0.455368
29.934393,0.003931,0.503992,1.001984,-0.008054,0.001261,-0.001576,0.491231,0.492626,-1.081213,-0.000036,3.615836,-3.433513,2.840298,0.591231,0.016794,0.003029,1.001272,0.000000,0.000000,0.000000,-0.412657,15.971828,-13.478855,0.204403,0.050687,-0.400201
29.984472,0.003910,0.503985,1.001997,-0.009756,-0.002515,-0.000323,0.419676,0.290386,-1.088066,-0.000122,3.621114,-3.742607,5.412427,-0.185733,0.018392,-0.009255,1.011492,0.000000,0.000000,0.000000,-5.869195,-2.591123,-2.999304,0.091120,0.046403,-0.290630
30.037348,0.003910,0.503961,1.000993,-0.009060,-0.004606,-0.003784,0.273267,0.086498,-1.091045,-0.000048,3.615836,-1.281186,4.790981,0.546805,0.028975,-0.002656,0.993429,0.000000,0.000000,0.000000,-11.434792,-3.051089,6.315487,0.178753,-0.104672,-0.345629
30.083303,0.003149,0.504947,1.000965,-0.010539,-0.002610,-0.003087,0.250207,0.055365,-1.079702,0.000001,3.615836,0.297678,-1.588778,-0.736579,0.023530,0.002061,0.999999,0.000000,0.000000,0.000000,-0.143373,-5.457747,-2.227861,0.310618,-0.127566,-0.445183
30.134411,0.002906,0.504966,1.000981,-0.010408,-0.003743,-0.001499,0.175326,0.173371,-1.097376,0.000066,3.615836,-2.431446,-0.031738,1.191993,0.024051,-0.001001,1.001351,0.000000,0.000000,0.000000,-9.915832,3.933334,-3.380763,0.278218,0.011767,-0.402218
30.186454,0.002904,0.504963,1.000987,-0.009865,-0.003730,-0.001753,0.026801,0.138333,-1.097456,-0.000013,3.615836,2.691578,-0.862109,2.105598,0.020965,0.004311,1.005195,0.000000,0.000000,0.000000,12.679573,10.562641,7.051278,0.198357,0.009952,-0.492365
30.234466,0.002913,0.504966,1.001769,-0.008747,-0.003683,0.002152,0.186771,0.080937,-1.061554,-0.000124,3.615836,8.960306,-0.226922,0.676412,0.024368,0.003146,0.996675,0.000000,0.000000,0.000000,-7.243010,-10.119692,4.039400,0.170630,0.096491,-0.341974
30.285478,0.002928,0.504950,1.002022,-0.006919,-0.006123,0.003359,0.521643,-0.094190,-1.055903,-0.000117,3.621114,1.056588,1.107428,1.512984,0.019907,-0.003393,0.998189,0.000000,0.000000,0.000000,-2.825386,0.897294,-0.173557,0.252648,-0.013627,-0.385177
30.335442,0.001983,0.504921,1.002010,-0.007627,-0.009003,0.000254,0.436569,-0.150633,-1.039502,-0.000006,3.621114,-8.241057,-3.681067,-0.215858,0.020372,-0.001607,0.991263,0.000000,0.000000,0.000000,-8.764152,4.646250,0.486467,0.266731,0.016352,-0.328530
30.384506,0.002009,0.504143,1.001986,-0.005259,-0.011260,-0.001303,-0.002852,-0.103169,-1.037465,0.000007,3.621114,-2.610311,-4.684810,-1.146602,0.026474,0.003592,0.988366,0.000000,0.000000,0.000000,9.488200,-1.772464,1.122355,0.244136,-0.089828,-0.395417
30.435296,0.001957,0.503913,1.001978,-0.004539,-0.009071,-0.002939,-0.101712,0.085102,-1.021419,-0.000014,3.615836,1.376457,-3.377558,0.489171,0.028500,-0.011120,1.004573,0.000000,0.000000,0.000000,-0.162941,12.275422,-14.311716,0.204797,0.012263,-0.315558
30.486284,0.001955,0.503931,1.001984,-0.004741,-0.006511,-0.001198,-0.104433,0.147193,-1.009704,-0.000057,3.615836,-1.049814,0.025496,0.837727,0.026094,0.000513,0.994055,0.000000,0.000000,0.000000,1.228919,-5.076697,7.611202,0.177677,0.041724,-0.262572
30.535309,0.002958,0.503956,1.001978,-0.000914,-0.003780,-0.003015,-0.216877,-0.008601,-0.996016,-0.000158,3.621114,0.454567,-2.125084,0.284423,0.025076,-0.009255,1.002698,0.000000,0.000000,0.000000,9.149102,3.445316,-2.819262,0.225935,0.019595,-0.417627
30.586464,0.002995,0.503982,1.001971,-0.000396,-0.001322,-0.003358,-0.133115,0.022778,-0.968801,-0.000064,3.615836,9.386749,-4.205379,-0.270176,0.014092,-0.004347,0.998166,0.000000,0.000000,0.000000,11.006373,-11.573790,14.881929,0.262517,0.021804,-0.368238
30.633349,0.002989,0.503018,1.001962,-0.001600,-0.004974,-0.004530,0.220252,0.258728,-0.958616,0.000031,3.621114,4.034895,-2.714639,-0.660201,0.016762,-0.004866,0.993354,0.000000,0.000000,0.000000,-6.369119,7.234454,0.537440,0.220996,-0.011886,-0.313298
30.685514,0.001965,0.502942,1.001961,-0.007668,-0.006667,-0.003772,0.306996,0.389575,-0.995199,0.000076,3.615836,-6.659544,-1.332067,1.434703,0.018767,-0.000748,1.005485,0.000000,0.000000,0.000000,-12.009897,8.530464,-7.728262,0.137594,-0.073732,-0.296431
30.735863,0.001913,0.502938,1.001977,-0.009624,-0.006083,-0.002021,-0.065987,0.358573,-0.986036,-0.000009,3.615836,-3.740658,2.094547,-1.327332,0.027889,0.008725,0.994615,0.000000,0.000000,0.000000,6.842745,-7.296556,4.005493,0.176487,-0.025476,-0.306803
30.784479,0.001903,0.502447,1.001982,-0.010050,-0.005213,-0.001647,-0.215373,0.181921,-0.986073,-0.000048,3.621114,2.885082,3.284594,-0.618872,0.030115,0.002337,0.994754,0.000000,0.000000,0.000000,1.051830,-1.330091,3.449060,0.333760,0.126318,-0.351018
30.835423,0.001397,0.501961,1.001968,-0.010707,-0.005337,-0.003960,-0.008601,0.010215,-0.973037,-0.000035,3.615836,4.041287,2.555309,1.323667,0.022409,-0.001680,0.994476,0.000000,0.000000,0.000000,5.820800,-2.000216,-6.052222,0.215491,0.068941,-0.398552
30.884423,0.000911,0.501951,1.000941,-0.010158,-0.005159,-0.009472,0.128480,-0.098825,-0.964194,0.000027,3.615836,2.411961,3.347439,-1.177015,0.025675,0.001519,1.000603,0.000000,0.000000,0.000000,0.629745,9.949329,-0.395936,0.215597,0.050464,-0.423165
30.932343,0.000921,0.501174,1.000932,-0.007330,-0.008600,-0.005959,0.276864,-0.204284,-0.951377,-0.000022,3.615836,7.727002,1.027916,-0.430273,0.028104,0.001092,1.006539,0.000000,0.000000,0.000000,-2.134735,7.937070,-4.057135,0.276289,-0.064343,-0.393272
30.984372,0.000048,0.500903,1.000957,-0.007256,-0.011723,-0.004300,0.614022,-0.304588,-0.941632,-0.000052,3.615836,4.931390,3.716941,0.551638,0.024731,0.006260,0.990473,0.000000,0.000000,0.000000,-6.062778,-5.583473,0.136037,0.296668,-0.045943,-0.358249
31.033477,-0.000040,0.499861,1.000964,-0.003318,-0.018755,-0.003394,0.716965,-0.434969,-0.941639,-0.000026,3.615836,-3.088830,2.199702,-0.410129,0.021903,0.001619,1.000443,0.000000,0.000000,0.000000,-1.028899,7.746199,-4.103823,0.219979,-0.027681,-0.421499
31.084459,-0.000004,0.498838,1.000967,0.000750,-0.023916,-0.003767,0.600718,-0.478829,-0.921213,-0.000099,3.615836,1.185934,-3.965453,-0.025428,0.026562,0.003114,0.997047,0.000000,0.000000,0.000000,5.640395,-19.235523,-0.231990,0.135020,0.042297,-0.408376
31.134299,0.000030,0.496989,1.000966,0.003916,-0.031362,-0.003237,0.717218,-0.331625,-0.954223,-0.000042,3.615836,0.902007,-2.741662,-1.649675,0.030530,0.001000,0.995554,0.000000,0.000000,0.000000,3.525039,-13.471498,-7.780691,0.265686,0.049468,-0.448364
31.182409,0.000046,0.495727,1.000966,0.004991,-0.035946,-0.003492,0.730945,-0.183615,-0.969422,-0.000049,3.610557,-6.737736,-1.966573,-0.042702,0.027032,-0.006493,1.005765,0.000000,0.000000,0.000000,5.232270,-10.581939,2.741268,0.257794,0.018680,-0.362003
31.235454,0.000046,0.493764,1.000973,0.004572,-0.040640,-0.002677,0.504638,-0.000926,-0.965585,0.000053,3.615836,1.719411,-4.420306,-1.427574,0.008783,-0.000064,1.007888,0.000000,0.000000,0.000000,-3.437802,2.195716,-0.866071,0.222523,0.028685,-0.425469
31.285363,0.000028,0.491213,1.000993,0.002194,-0.046525,-0.000710,0.608669,0.240537,-0.969752,0.000085,3.615836,6.559805,-0.456922,-0.487280,0.009230,0.008857,0.989139,0.000000,0.000000,0.000000,-7.719781,6.191792,0.964941,0.113227,0.003377,-0.264815
31.335450,0.000002,0.488823,1.000997,-0.000374,-0.053096,0.000493,0.904501,0.165645,-0.993764,-0.000059,3.615836,1.115160,6.172131,-1.151436,0.022289,0.002220,0.998887,0.000000,0.000000,0.000000,-0.512711,5.607408,-5.178433,0.123681,0.035243,-0.357141
31.385458,-0.000008,0.486086,1.000989,-0.000659,-0.060409,-0.001521,0.925792,-0.136275,-0.990449,-0.000161,3.615836,1.081105,7.716911,-0.296393,0.021833,-0.000153,0.997279,0.000000,0.000000,0.000000,2.109162,-4.609345,7.348537,0.279999,-0.010263,-0.376338
31.435467,0.000011,0.483054,1.001704,0.002072,-0.067834,0.001601,0.942890,-0.450472,-0.991787,-0.000123,3.615836,1.434865,2.299336,-1.927493,0.028700,0.000023,1.001693,0.000000,0.000000,0.000000,8.636238,0.288953,-6.825074,0.138979,-0.008468,-0.349201
31.484445,0.000044,0.479698,1.001983,0.005525,-0.075359,0.002109,0.986400,-0.506271,-1.025573,-0.000037,3.615836,0.877481,-5.876350,-0.140319,0.008881,0.000138,1.011683,0.000000,0.000000,0.000000,-13.637974,18.252869,0.076274,0.225300,0.009419,-0.270240
31.534293,0.000064,0.475926,1.002027,0.007005,-0.082958,0.002582,0.994921,-0.229363,-1.014591,0.000008,3.621114,3.410294,-6.314221,0.682229,0.018828,-0.003710,1.000372,0.000000,0.000000,0.000000,20.583651,-11.531279,9.228124,0.144927,0.023442,-0.218796
31.583385,0.000058,0.471082,1.002021,0.005672,-0.094093,0.001923,1.182638,0.026112,-1.046049,-0.000054,3.615836,-0.735344,-0.733445,0.244951,0.011054,-0.002309,0.996150,0.000000,0.000000,0.000000,-12.231338,-6.983115,-4.699105,0.204609,-0.003688,-0.336416
31.634375,0.000041,0.466926,1.001989,0.004124,-0.100674,-0.002608,1.150461,-0.017305,-1.041941,-0.000041,3.615836,-3.769120,0.742935,0.470312,0.024170,0.005905,0.993421,0.000000,0.000000,0.000000,9.970486,-0.860283,7.908082,0.080656,0.054554,-0.314112
31.685382,0.000036,0.461353,1.000982,0.003543,-0.111117,-0.008719,1.088050,-0.034516,-1.010680,-0.000046,3.615836,4.797142,-1.364129,-0.746771,0.025154,0.013091,1.001328,0.000000,0.000000,0.000000,3.793444,9.527302,-3.342787,0.225016,0.059655,-0.366431
31.733484,0.000029,0.455836,1.000943,0.002854,-0.120991,-0.005785,1.405365,0.001579,-1.030357,0.000014,3.610557,3.563699,5.818455,-1.232466,0.022343,0.003856,0.996159,0.000000,0.000000,0.000000,-0.076962,-0.558919,3.306035,0.198813,0.128530,-0.319790
31.782345,-0.000879,0.449223,1.000931,-0.000687,-0.134765,-0.007527,1.502087,-0.129967,-1.044615,-0.000081,3.610557,-7.279568,3.931012,0.342396,0.018312,0.007726,0.993963,0.000000,0.000000,0.000000,-1.106106,15.203499,-10.220737,0.254689,0.129643,-0.431085
31.834299,-0.000998,0.442857,0.999923,0.000301,-0.143876,-0.010335,1.122069,-0.243666,-1.038902,-0.000027,3.610557,-7.678679,1.288032,1.723998,0.029364,0.015265,1.008896,0.000000,0.000000,0.000000,-8.148781,6.892111,6.733581,0.240263,0.071112,-0.523953
31.884498,-0.001987,0.436096,0.999943,-0.001265,-0.149592,-0.004589,0.824638,-0.275707,-1.004912,0.000103,3.610557,4.568942,-1.164307,0.235248,0.021521,0.007948,1.006418,0.000000,0.000000,0.000000,-5.321888,7.548615,-2.708200,0.199457,0.124356,-0.326428
31.936445,-0.002902,0.428788,0.999978,-0.002653,-0.156651,-0.001482,1.083241,-0.228607,-0.942848,0.000009,3.615836,7.199794,6.459959,0.601745,0.021686,0.005597,0.999078,0.000000,0.000000,0.000000,-0.978605,9.678200,4.893143,0.197282,0.142858,-0.481627
31.983459,-0.003004,0.421033,0.999991,0.000334,-0.166739,-0.000941,1.401791,-0.513627,-0.945717,-0.000061,3.610557,-1.284633,11.121998,-0.128313,0.036746,0.010522,0.994467,0.000000,0.000000,0.000000,-17.838114,9.989775,-2.002722,0.189504,0.038191,-0.404457
32.034322,-0.003219,0.413101,0.999984,0.005044,-0.176747,-0.001810,1.367494,-0.895619,-0.959029,-0.000163,3.610557,-1.168777,3.534014,1.178511,0.025685,0.007878,1.004768,0.000000,0.000000,0.000000,-1.511805,3.563351,-0.545444,0.234252,0.108199,-0.386315
32.083479,-0.003875,0.404892,0.999988,0.009149,-0.185357,-0.001371,1.388314,-0.984454,-0.918085,0.000008,3.615836,7.241563,-6.446783,1.097951,0.028919,0.014671,0.993964,0.000000,0.000000,0.000000,-3.735827,15.916563,3.543411,0.240671,0.162992,-0.431437
32.133290,-0.003882,0.395940,0.999978,0.013211,-0.196599,-0.002945,1.722574,-0.657966,-0.908733,0.000106,3.610557,2.845849,-3.092333,-0.556337,0.029709,0.009657,0.984554,0.000000,0.000000,0.000000,-5.032451,22.363588,-5.710243,0.282865,0.206788,-0.363607
32.185468,-0.003865,0.385924,0.999440,0.014349,-0.211858,-0.007196,1.887250,-0.432269,-0.915265,0.000018,3.610557,-3.816645,-0.474241,-1.708202,0.019633,-0.004635,1.000195,0.000000,0.000000,0.000000,4.154716,0.306147,6.522713,0.269527,0.077413,-0.452748
32.235381,-0.003862,0.375797,0.999035,0.014412,-0.224452,-0.007377,1.712242,-0.371389,-0.938340,-0.000022,3.610557,-4.103552,-4.882066,2.677864,0.017225,0.011500,1.002312,0.000000,0.000000,0.000000,-5.641717,-4.607058,-4.699830,0.211018,-0.047819,-0.342068
32.283393,-0.003287,0.365703,0.998936,0.015653,-0.233228,-0.006477,1.587706,-0.174712,-0.921875,0.000088,3.610557,1.110213,-3.453866,0.829837,0.023687,0.007547,1.000319,0.000000,0.000000,0.000000,1.149369,9.186514,-3.943943,0.242847,0.123612,-0.467590
32.333437,-0.003837,0.354111,0.998965,0.011027,-0.246334,-0.002400,1.795564,-0.014000,-0.882717,0.000076,3.610557,8.370166,1.232109,0.306626,0.020390,0.003063,0.999556,0.000000,0.000000,0.000000,3.416785,2.955470,-0.311080,0.269688,0.066704,-0.322400
32.382400,-0.003522,0.341754,0.998998,0.009767,-0.262493,0.000383,2.082273,-0.066080,-0.875415,-0.000046,3.610557,-0.642101,4.929092,0.240848,0.024155,0.010459,0.996835,0.000000,0.000000,0.000000,-12.256891,2.745827,0.642069,0.241823,0.091456,-0.326523
32.434804,-0.003717,0.329615,0.998994,0.008519,-0.275370,-0.000927,1.945350,-0.382856,-0.857881,-0.000146,3.610557,-8.670250,5.539827,-1.119771,0.022412,0.016650,0.995971,0.000000,0.000000,0.000000,1.022869,16.003498,-2.610877,0.263933,0.131830,-0.458521
32.483481,-0.003843,0.316525,0.998998,0.009477,-0.286288,0.000750,1.503067,-0.404312,-0.839888,0.000069,3.610557,-6.015875,-9.859140,0.467486,0.014380,0.025374,0.990578,0.000000,0.000000,0.000000,-0.469917,-12.235816,-0.539263,0.257618,0.093563,-0.357358
32.535351,-0.003915,0.302942,0.999003,0.008245,-0.294408,0.001162,1.313769,-0.036468,-0.857614,0.000208,3.610557,3.897220,-0.219257,-1.308596,0.025022,0.009104,1.009431,0.000000,0.000000,0.000000,18.120813,8.594430,-12.242190,0.156876,0.173340,-0.433884
32.585371,-0.003937,0.288871,0.999958,0.005954,-0.303124,0.005648,1.434841,0.030482,-0.867379,0.000034,3.615836,0.528995,2.069574,2.161192,0.027575,0.016686,1.002139,0.000000,0.000000,0.000000,2.088627,0.447231,8.374528,0.226077,0.092122,-0.373561
32.633337,-0.003950,0.274405,1.000027,0.005233,-0.311976,0.002050,1.406508,-0.197313,-0.877120,-0.000043,3.610557,-3.271654,9.426953,0.302058,0.017416,0.013740,0.999563,0.000000,0.000000,0.000000,1.746904,0.202271,-7.095492,0.355520,0.161501,-0.404210
32.685335,-0.004453,0.259823,1.000014,0.005252,-0.319041,0.000866,1.287452,-0.554936,-0.873038,-0.000108,3.610557,2.482442,-0.373628,0.884476,0.023078,0.015600,0.992872,0.000000,0.000000,0.000000,13.826462,-10.025437,0.261967,0.249742,0.143130,-0.315038
32.734376,-0.004927,0.244765,1.000003,0.007028,-0.326343,-0.000235,1.308499,-0.621839,-0.851198,0.000023,3.610557,-2.618123,-1.447901,0.696168,0.020465,0.009623,0.991468,0.000000,0.000000,0.000000,-3.886440,8.003699,4.574965,0.214613,0.134240,-0.345019
32.783475,-0.004912,0.228737,0.999982,0.010001,-0.335197,-0.001945,1.125552,-0.592847,-0.850536,-0.000012,3.610557,-6.243402,4.333393,-1.052928,0.031721,0.015683,0.996625,0.000000,0.000000,0.000000,8.987465,-4.333473,-2.701101,0.271453,0.096502,-0.396509
32.834426,-0.004884,0.213134,0.999992,0.013019,-0.339030,0.000562,0.878574,-0.705156,-0.848737,-0.000097,3.610557,2.767375,0.374426,0.108417,0.023524,0.017206,1.005700,0.000000,0.000000,0.000000,-1.425065,3.064072,0.651705,0.293834,0.156840,-0.343821
32.884319,-0.004306,0.197104,1.000017,0.018260,-0.343423,0.001747,1.009151,-0.780999,-0.867404,-0.000081,3.610557,6.532983,-3.484643,-1.395522,0.015917,0.017460,1.002880,0.000000,0.000000,0.000000,-1.407376,2.743931,4.305788,0.256959,0.162713,-0.209259
32.932388,-0.003808,0.181054,1.000937,0.022002,-0.348995,0.007074,1.235851,-0.635277,-0.937894,-0.000038,3.610557,0.633379,-5.175793,-0.936703,0.024180,0.020350,0.992054,0.000000,0.000000,0.000000,-0.694578,-0.987014,1.414691,0.232490,0.156056,-0.323786
32.982405,-0.002823,0.164614,1.001039,0.024760,-0.355328,0.003471,1.231600,-0.328334,-0.972247,-0.000047,3.615836,-3.269104,-8.233108,-0.481529,0.030506,0.022077,1.004713,0.000000,0.000000,0.000000,4.358189,-11.514007,1.310556,0.192618,0.114797,-0.361504
33.033409,-0.002015,0.147693,1.001013,0.023670,-0.361696,-0.000076,1.131525,0.104912,-0.998898,0.000121,3.610557,-2.881244,-5.255520,0.150347,0.023575,0.014228,0.992783,0.000000,0.000000,0.000000,-11.686170,1.589714,4.010475,0.229767,0.142603,-0.254170
33.083393,-0.001819,0.130643,1.000994,0.017699,-0.366764,-0.000716,1.007235,0.350772,-1.030350,0.000008,3.610557,-4.703848,3.929432,-0.838244,0.022215,0.014960,1.009941,0.000000,0.000000,0.000000,6.660160,0.956063,2.330806,0.217523,0.183924,-0.354247
33.132419,-0.000905,0.113644,1.002018,0.014917,-0.369289,0.005324,0.762886,0.266445,-1.023995,-0.000126,3.615836,0.018730,1.632692,0.270370,0.023791,0.013692,0.996687,0.000000,0.000000,0.000000,0.152563,3.213863,-3.085949,0.152158,0.139083,-0.235677
33.182381,-0.000629,0.095955,1.002032,0.011501,-0.372738,0.002709,0.797589,0.191545,-1.001339,0.000057,3.615836,5.703479,0.385003,0.666602,0.034881,0.017634,0.992731,0.000000,0.000000,0.000000,2.292160,9.350230,-1.488601,0.246553,0.157673,-0.283240
33.233332,0.000083,0.078592,1.001993,0.009934,-0.376102,-0.001799,1.064547,0.207598,-1.002475,-0.000036,3.615836,1.962444,0.247125,-0.481381,0.025104,0.005231,1.003744,0.000000,0.000000,0.000000,-4.275846,-3.812835,7.875157,0.230187,0.174068,-0.390646
33.282322,0.000069,0.060877,1.001979,0.006193,-0.381319,-0.002724,1.108021,0.209709,-1.012279,0.000038,3.610557,-6.445962,-1.322883,-1.736826,0.021367,0.012534,0.998790,0.000000,0.000000,0.000000,-8.917165,15.063392,-10.929155,0.219761,0.104548,-0.275823
33.335477,0.000034,0.043004,1.001967,0.002493,-0.384768,-0.003311,0.759080,0.333100,-1.016633,0.000098,3.610557,-5.744112,-1.028701,0.675793,0.027529,0.014915,0.999333,0.000000,0.000000,0.000000,11.503165,-2.837791,-0.686445,0.291579,0.217898,-0.402023
33.383381,-0.000005,0.024996,1.001452,-0.001533,-0.384058,-0.005385,0.494526,0.405631,-1.003896,0.000057,3.610557,1.293025,1.159148,1.406795,0.027877,0.017753,0.997213,0.000000,0.000000,0.000000,9.079836,10.302952,2.554450,0.289952,0.177901,-0.263047
33.432317,-0.000037,0.006872,1.000937,-0.004539,-0.385349,-0.008138,0.668155,0.334007,-0.947857,0.000049,3.610557,1.102842,7.501883,-0.360976,0.027853,0.017920,0.994707,0.000000,0.000000,0.000000,-3.450771,8.915046,-8.628352,0.338875,0.192239,-0.330576
33.482471,-0.001021,-0.010274,1.000939,-0.008780,-0.383499,-0.005698,0.641651,0.034415,-0.908464,-0.000002,3.610557,-8.044162,7.619679,0.219558,0.030059,0.001359,1.006355,0.000000,0.000000,0.000000,2.215146,-2.913576,2.659518,0.313730,0.064673,-0.351115
33.536309,-0.001068,-0.028473,1.000967,-0.006249,-0.383510,-0.002833,0.199105,-0.319539,-0.883850,-0.000077,3.610557,-2.491071,1.531744,1.090233,0.027860,0.021118,1.008780,0.000000,0.000000,0.000000,13.255262,-16.300150,-8.336226,0.251989,0.126662,-0.378483
33.583424,-0.001031,-0.046969,1.000986,-0.001956,-0.382557,-0.001186,0.140752,-0.451921,-0.882184,-0.000002,3.610557,9.119800,2.303649,-0.963314,0.028232,0.017821,0.993438,0.000000,0.000000,0.000000,-11.568724,-4.883362,4.075690,0.317749,0.199873,-0.263320
33.632446,-0.001509,-0.065103,1.000188,-0.000304,-0.382469,-0.008086,0.460496,-0.454261,-0.892110,-0.000079,3.610557,1.912694,-1.335258,-0.883760,0.028160,0.015354,0.997226,0.000000,0.000000,0.000000,2.343960,-24.765171,5.404231,0.287670,0.267393,-0.310867
33.682414,-0.001952,-0.083918,0.999914,0.000803,-0.385939,-0.009530,0.448719,-0.340872,-0.939861,0.000021,3.605279,-8.828751,-0.910754,-2.029723,0.024479,0.015490,1.001598,0.000000,0.000000,0.000000,-1.277957,3.363165,2.064073,0.282462,0.200691,-0.426705
33.732451,-0.001557,-0.101997,0.999911,0.003849,-0.383821,-0.009482,-0.024601,-0.248386,-0.895544,0.000008,3.605279,-11.543380,0.516350,-0.394536,0.025700,0.018270,1.001583,0.000000,0.000000,0.000000,-3.319286,-2.165319,2.176128,0.206464,0.129053,-0.518298
33.782482,-0.000959,-0.120081,0.998911,0.006296,-0.378179,-0.011396,-0.455050,-0.126682,-0.890919,0.000038,3.605279,-4.734475,-3.416064,-1.369529,0.024235,0.019033,1.006963,0.000000,0.000000,0.000000,-12.624762,4.742367,-9.043541,0.215885,0.219047,-0.525361
33.834346,-0.000947,-0.138015,0.998926,0.005395,-0.370661,-0.005969,-0.687458,-0.027158,-0.893420,-0.000013,3.605279,-4.886827,2.543432,-1.083576,0.028304,0.018614,1.007309,0.000000,0.000000,0.000000,2.862093,11.984486,-13.964076,0.293383,0.230376,-0.461698
33.883448,-0.000952,-0.155292,0.998964,0.005014,-0.359861,-0.002964,-1.015133,-0.129028,-0.914035,-0.000062,3.610557,-5.870039,-3.948196,0.785934,0.025180,0.010962,1.012196,0.000000,0.000000,0.000000,5.868918,-14.015002,3.833230,0.192357,0.204354,-0.391664
33.931364,-0.000956,-0.172863,0.998989,0.004463,-0.349878,-0.000401,-1.215097,-0.011378,-0.885138,0.000057,3.610557,5.413763,-4.957002,-1.483320,0.030237,0.012191,1.001371,0.000000,0.000000,0.000000,2.712573,-1.477327,-5.320201,0.210139,0.170416,-0.395424
33.981339,-0.000970,-0.189848,0.999000,0.002505,-0.340550,-0.000239,-0.943105,0.212945,-0.902269,0.000046,3.610557,4.588310,4.363572,-2.496948,0.016684,0.017914,1.003324,0.000000,0.000000,0.000000,-7.482801,10.974913,-1.298734,0.303684,0.042475,-0.314893
34.032508,-0.000989,-0.206077,0.998988,0.000866,-0.332480,-0.002103,-0.727578,0.054121,-0.940625,-0.000107,3.610557,-2.849622,6.755038,0.831754,0.025380,0.025685,0.988210,0.000000,0.000000,0.000000,-5.603948,-10.083241,10.194794,0.152977,0.164371,-0.407098
34.081377,-0.000988,-0.222009,0.998972,0.001592,-0.324652,-0.002984,-0.876951,-0.214798,-0.937404,-0.000088,3.610557,-2.795906,6.625662,-0.806290,0.023384,0.009476,1.003918,0.000000,0.000000,0.000000,-4.273522,3.126366,8.564543,0.182813,0.212982,-0.429767
34.132366,-0.000971,-0.237161,0.998976,0.003821,-0.314143,-0.002336,-0.943571,-0.354607,-0.972186,-0.000043,3.610557,3.623501,-5.778222,2.509216,0.022976,0.012326,1.011642,0.000000,0.000000,0.000000,-3.832768,1.047430,6.905808,0.213722,0.187301,-0.337946
34.182459,-0.000952,-0.253045,0.998991,0.005422,-0.308770,0.000228,-0.769423,-0.244980,-0.942993,-0.000021,3.610557,1.900531,0.201688,-2.116013,0.030974,0.009810,1.002575,0.000000,0.000000,0.000000,-4.446602,-10.512372,-1.131006,0.234024,0.219910,-0.381531
34.232318,-0.000943,-0.268041,0.999004,0.006141,-0.302508,-0.000066,-0.673783,-0.224248,-0.974958,-0.000063,3.610557,-8.162363,7.841989,-0.791202,0.021690,0.007341,0.997093,0.000000,0.000000,0.000000,-5.607910,10.142671,-1.377431,0.285051,0.165118,-0.333634
34.282378,-0.000932,-0.282076,0.998994,0.007593,-0.292307,-0.000821,-1.091030,-0.381304,-0.990342,-0.000073,3.605279,-9.832397,0.221229,-2.082104,0.023352,0.007535,1.007365,0.000000,0.000000,0.000000,-2.119269,-3.666324,-3.995279,0.191117,0.130114,-0.319133
34.332305,-0.000833,-0.296724,0.999001,0.009002,-0.282132,0.000176,-1.551017,-0.219532,-0.994516,0.000040,3.605279,0.107416,-5.584262,-2.089697,0.022405,0.008992,0.999769,0.000000,0.000000,0.000000,9.883965,-9.597178,-0.371626,0.252019,0.088866,-0.419805
34.382369,-0.000929,-0.309986,0.999012,0.006701,-0.268125,0.001279,-1.465401,0.202360,-0.966377,0.000150,3.610557,9.498580,-7.334349,2.180955,0.026922,0.010081,0.997902,0.000000,0.000000,0.000000,5.278224,10.484988,-4.773015,0.305505,0.112449,-0.349301
34.432364,-0.000962,-0.323185,0.999021,0.003056,-0.258329,0.001835,-1.123180,0.247029,-0.947809,-0.000045,3.610557,5.159371,7.474874,1.246771,0.025118,0.008244,0.992223,0.000000,0.000000,0.000000,0.245216,5.203923,2.372051,0.243221,0.162394,-0.322357
34.483449,-0.000979,-0.336119,0.999003,0.002290,-0.251544,-0.000285,-0.917289,-0.203012,-0.973478,-0.000239,3.605279,-5.551527,9.973274,0.451439,0.038428,0.019985,0.994492,0.000000,0.000000,0.000000,-7.735085,-2.001979,-10.127591,0.229323,-0.018306,-0.332986
34.535381,-0.000956,-0.348801,0.999778,0.005653,-0.244340,0.003864,-1.174906,-0.555033,-1.002053,-0.000138,3.605279,-10.936372,-6.394140,2.209858,0.024223,0.013811,1.004934,0.000000,0.000000,0.000000,-5.877148,-8.724191,-1.425243,0.370361,0.149139,-0.404578
34.581324,-0.000925,-0.360200,1.000044,0.008509,-0.230247,0.004977,-1.725177,-0.376181,-1.009902,0.000017,3.610557,-6.600691,-10.935793,1.652404,0.025481,0.017861,1.002176,0.000000,0.000000,0.000000,12.324825,-1.994325,-5.758072,0.211431,0.086976,-0.297030
34.631478,-0.000919,-0.371635,1.000032,0.008233,-0.215519,0.002203,-2.035381,-0.055326,-0.996698,0.000071,3.610557,3.108256,-2.587523,0.741100,0.022599,0.016165,0.990529,0.000000,0.000000,0.000000,0.929250,18.908064,-3.201663,0.153012,0.068231,-0.230363
34.682413,0.000036,-0.382029,0.999992,0.009761,-0.200064,-0.001400,-1.724202,0.126938,-0.965380,-0.000149,3.605279,9.355157,3.004876,-0.060068,0.022479,0.002502,0.996404,0.000000,0.000000,0.000000,-1.676734,-4.535069,2.908976,0.213572,0.149525,-0.441015
34.732464,0.000080,-0.392892,0.999970,0.008134,-0.192293,-0.003320,-1.331376,-0.065495,-0.968467,-0.000143,3.605279,1.076743,0.757204,0.730352,0.020109,0.002073,0.998536,0.000000,0.000000,0.000000,-15.761210,25.964989,-12.361814,0.201354,0.043529,-0.498403
34.784352,0.000155,-0.401792,0.999932,0.008105,-0.180141,-0.003486,-1.342563,-0.151298,-0.976102,-0.000072,3.610557,-4.688766,-1.696379,-1.057753,0.016995,0.000794,1.002415,0.000000,0.000000,0.000000,-5.106948,-6.431351,-6.160298,0.170979,0.060112,-0.361475
34.830410,0.000067,-0.411248,1.000897,0.006575,-0.170667,0.002873,-1.554247,0.048722,-0.963944,0.000067,3.605279,-1.526932,-3.884446,-1.545415,0.015499,0.011005,1.002911,0.000000,0.000000,0.000000,-2.056251,3.564809,3.671894,0.217902,0.005947,-0.332652
34.883341,0.000045,-0.419898,1.001027,0.003761,-0.159274,0.003197,-1.568347,0.299024,-0.961712,0.000109,3.610557,5.094314,-5.961202,1.062500,0.017044,0.009707,0.991690,0.000000,0.000000,0.000000,0.473963,9.817997,-8.830923,0.219087,0.081618,-0.327504
34.932287,0.000010,-0.428098,1.001001,0.000042,-0.149173,-0.000588,-1.430763,0.389544,-0.953708,-0.000080,3.605279,-3.164801,7.142971,-0.377999,0.012894,0.006715,0.992179,0.000000,0.000000,0.000000,1.629123,-7.827680,6.019248,0.176795,0.051162,-0.354005
34.982307,-0.000013,-0.435753,1.000980,-0.001572,-0.138723,-0.002703,-1.545693,0.080771,-0.991686,-0.000066,3.605279,-8.072433,4.811189,-0.070948,0.028423,-0.002194,1.002185,0.000000,0.000000,0.000000,-6.735558,21.829329,-14.577662,0.192901,-0.010792,-0.348593
35.033313,-0.000009,-0.442978,1.000974,-0.000455,-0.126812,-0.002588,-1.830570,-0.189167,-0.982110,-0.000052,3.605279,-1.979790,-3.099051,1.412582,0.027245,0.008876,0.999794,0.000000,0.000000,0.000000,3.354985,-4.140472,-2.027539,0.244285,0.036154,-0.328952
35.083356,0.000005,-0.449608,1.000200,0.000873,-0.113915,-0.005505,-1.810972,-0.099290,-0.969155,0.000020,3.610557,9.431315,-5.116704,0.191540,0.032364,0.007573,0.999991,0.000000,0.000000,0.000000,6.106505,-15.840222,1.895036,0.263196,0.060613,-0.329776
35.133285,0.000007,-0.455804,0.999957,0.000624,-0.103815,-0.004626,-1.429311,0.053054,-0.952715,-0.000034,3.605279,7.491874,0.070534,0.089502,0.023675,-0.000880,1.013085,0.000000,0.000000,0.000000,-2.458858,-8.360597,4.938702,0.297981,0.111931,-0.323522
35.182365,0.000005,-0.460968,0.999973,0.000585,-0.094837,-0.002685,-1.080152,-0.056192,-0.940965,-0.000112,3.605279,-1.369370,6.104472,0.385390,0.024295,-0.000937,0.998167,0.000000,0.000000,0.000000,4.431723,-5.126877,3.510018,0.237125,0.022843,-0.264836
35.231290,0.000016,-0.465899,0.999978,0.002340,-0.087097,-0.002442,-1.240546,-0.344605,-0.963773,-0.000118,3.605279,-9.906411,3.064336,-0.810046,0.030534,-0.002053,1.002664,0.000000,0.000000,0.000000,-6.468957,-2.577907,1.622519,0.303605,0.014415,-0.304079
35.281512,0.000038,-0.470818,0.999969,0.004622,-0.078249,-0.002895,-1.594059,-0.277568,-0.955252,0.000084,3.605279,-3.518352,-7.329017,0.188545,0.024729,0.008781,1.004606,0.000000,0.000000,0.000000,-6.949988,-3.386539,1.970648,0.288502,-0.071197,-0.322756
35.331423,0.000040,-0.475732,0.999991,0.003720,-0.069619,-0.000304,-1.624785,0.160047,-0.935030,0.000090,3.605279,3.329162,-5.663149,0.435689,0.015753,0.015557,1.002566,0.000000,0.000000,0.000000,1.072122,-2.625018,-9.836617,0.204672,0.089049,-0.328964
35.382420,-0.000182,-0.479152,0.999995,0.000002,-0.058558,-0.000757,-1.371714,0.364277,-0.893102,0.000127,3.610557,4.388968,-0.625083,1.133605,0.021060,0.002953,0.996325,0.000000,0.000000,0.000000,-5.095241,23.729059,-6.419183,0.220255,0.056584,-0.363770
35.433483,-0.000017,-0.482815,0.999976,-0.001580,-0.052054,-0.003345,-1.198084,0.196749,-0.889999,-0.000119,3.605279,-2.672909,7.302500,0.394904,0.029224,-0.005544,0.997627,0.000000,0.000000,0.000000,1.909680,1.784918,-2.744752,0.163799,-0.028402,-0.249390
35.481301,-0.000013,-0.485761,0.999966,-0.001035,-0.044259,-0.003959,-1.286517,-0.128812,-0.893882,-0.000073,3.605279,-5.015480,-0.657681,0.691157,0.022210,0.000130,0.995004,0.000000,0.000000,0.000000,-7.473574,-7.292638,2.173113,0.219044,-0.003249,-0.288457
35.534557,0.000001,-0.488039,0.999960,0.000561,-0.033634,-0.003870,-1.557521,-0.165117,-0.866372,0.000035,3.605279,-2.784434,-5.077557,-1.794420,0.022058,-0.006673,1.007200,0.000000,0.000000,0.000000,7.083372,7.444297,-2.823138,0.205595,0.025203,-0.405375
35.585410,-0.000769,-0.489974,0.999977,-0.002529,-0.022878,-0.001952,-1.507295,0.133362,-0.822668,0.000134,3.605279,8.639385,-4.858381,-1.263440,0.023373,0.007141,1.002084,0.000000,0.000000,0.000000,-2.399517,5.087796,-4.992871,0.259315,-0.002197,-0.344552
35.631553,-0.001037,-0.491899,0.999984,-0.005303,-0.016308,-0.002065,-1.087071,0.357627,-0.813493,0.000165,3.605279,9.889569,3.309634,-0.466142,0.023423,-0.006073,1.000035,0.000000,0.000000,0.000000,-6.672526,15.542791,-0.304284,0.226528,0.084002,-0.277061
35.682403,-0.000282,-0.493582,0.998963,-0.002892,-0.014271,-0.008038,-0.574394,0.056325,-0.793955,-0.000053,3.605279,8.030540,11.630958,1.161885,0.017281,0.000554,0.993235,0.000000,0.000000,0.000000,3.145448,-1.704828,-8.309711,0.252709,-0.086890,-0.320048
35.731433,-0.000044,-0.495009,0.998921,0.000752,-0.014598,-0.007819,-0.286646,-0.506230,-0.793083,-0.000149,3.605279,-1.627340,4.444394,-1.411020,0.022190,-0.001776,0.999877,0.000000,0.000000,0.000000,-12.855008,18.209942,-3.954125,0.186177,-0.086925,-0.404970
35.781326,0.000039,-0.496077,0.998931,0.005528,-0.013390,-0.006877,-0.426653,-0.581179,-0.790144,-0.000059,3.605279,-7.911934,-4.843888,-2.101382,0.013924,-0.001365,1.001867,0.000000,0.000000,0.000000,-1.321610,1.442830,-5.675201,0.200800,-0.084542,-0.358161
35.834459,0.000068,-0.497859,0.997962,0.007341,-0.012709,-0.005199,-0.839251,-0.175779,-0.824431,0.000133,3.600000,-4.866244,-13.181249,-0.077501,0.016056,0.003465,1.014997,0.000000,0.000000,0.000000,2.739945,5.207361,-6.629072,0.101173,-0.014221,-0.343599
35.883331,0.000053,-0.498830,0.998000,0.004528,-0.006566,0.001756,-1.081485,0.334674,-0.794030,0.000128,3.605279,2.591808,-7.748539,0.969598,0.019453,0.009697,1.001132,0.000000,0.000000,0.000000,1.323424,8.711134,-1.926848,0.206945,0.050028,-0.397447
35.932296,0.000011,-0.499777,0.998038,-0.000181,-0.001484,0.005157,-0.954337,0.521844,-0.765610,0.000017,3.605279,5.768801,3.957107,0.328688,0.020141,0.007033,0.997745,0.000000,0.000000,0.000000,-0.774838,0.252782,1.235825,0.173072,0.013000,-0.354376
35.982321,-0.000027,-0.499975,0.998955,-0.003692,0.003311,0.008074,-0.593627,0.351762,-0.766030,-0.000028,3.605279,2.495136,7.287519,0.842312,0.015950,0.005454,0.988940,0.000000,0.000000,0.000000,-6.653730,16.322823,-5.107689,0.235647,0.023913,-0.351981
36.031385,-0.000042,-0.500953,0.999041,-0.004425,0.002532,0.003461,-0.451597,0.061542,-0.725501,-0.000045,3.605279,-3.946020,3.869353,0.263705,0.018553,0.011486,0.983906,0.000000,0.000000,0.000000,-7.575094,6.904511,-8.651872,0.192869,0.023921,-0.421356
36.081449,-0.000033,-0.500951,0.999000,-0.002920,0.006305,-0.000792,-0.707502,-0.165445,-0.709947,-0.000060,3.605279,-8.249979,-0.688460,0.475401,0.040035,-0.007626,0.992731,0.000000,0.000000,0.000000,-6.033302,-16.834291,-2.524355,0.161257,0.072777,-0.337111
36.132444,-0.000015,-0.500899,0.998983,-0.000958,0.012538,-0.001479,-1.110952,-0.181106,-0.718283,-0.000014,3.605279,-3.110029,0.733186,-0.541378,0.025902,-0.007862,1.011003,0.000000,0.000000,0.000000,6.110551,-8.052769,4.448658,0.341890,-0.063806,-0.392332
36.181443,-0.000001,-0.500833,0.999001,0.000305,0.019210,-0.000048,-1.092708,-0.114727,-0.707138,0.000085,3.600000,10.705201,-0.006467,0.458767,0.023315,0.003600,1.000643,0.000000,0.000000,0.000000,2.480810,14.219158,-0.949761,0.216999,-0.011155,-0.293580
36.233437,0.000005,-0.500792,0.999012,0.000613,0.021103,0.001497,-0.457392,-0.030378,-0.680557,0.000024,3.605279,11.771728,0.494721,-0.299464,0.027728,0.013271,0.996684,0.000000,0.000000,0.000000,-3.930576,0.549950,0.879669,0.202585,0.055182,-0.422673
36.282402,0.000004,-0.500822,0.998216,0.000432,0.017341,-0.004561,0.049839,-0.026699,-0.683645,-0.000047,3.605279,-3.739402,0.865495,-0.417043,0.030217,-0.003102,1.000693,0.000000,0.000000,0.000000,-2.732231,-1.721363,-5.252182,0.254816,0.134903,-0.396122
36.331441,-0.000968,-0.500861,0.997956,-0.003199,0.013722,-0.004668,-0.115937,-0.010986,-0.674208,0.000035,3.600000,-8.887150,1.615471,-0.898099,0.021552,0.005417,1.003538,0.000000,0.000000,0.000000,1.576989,0.697730,-5.411313,0.294293,-0.014370,-0.456223
36.380418,-0.001028,-0.499966,0.997983,-0.002879,0.017012,-0.000692,-0.400969,-0.018396,-0.660455,0.000058,3.600000,1.297823,3.293058,0.707319,0.030318,0.005500,1.005185,0.000000,0.000000,0.000000,6.443065,2.184909,8.517705,0.200505,0.054946,-0.385450
36.433391,-0.001022,-0.499839,0.997993,-0.001868,0.016933,-0.000626,-0.271069,-0.136948,-0.629619,-0.000061,3.605279,6.857670,3.663939,0.023178,0.029548,0.002388,0.996061,0.000000,0.000000,0.000000,-0.771802,1.461391,0.475150,0.257116,0.101032,-0.425293
36.484421,-0.001002,-0.499858,0.997993,0.000671,0.013818,-0.001115,0.009869,-0.340817,-0.629018,-0.000138,3.600000,0.944865,3.192427,0.873086,0.030604,0.002511,1.000681,0.000000,0.000000,0.000000,-0.924011,2.844572,-11.012329,0.295578,0.049985,-0.508558
36.530434,-0.000968,-0.499891,0.997998,0.004563,0.010512,0.000440,0.014643,-0.550943,-0.633519,-0.000082,3.605279,-5.410331,-3.676836,0.462696,0.019808,-0.001310,1.000003,0.000000,0.000000,0.000000,-3.937250,-10.229782,2.109804,0.244928,0.003173,-0.340634
36.580281,-0.000936,-0.499906,0.998013,0.007375,0.009735,0.001794,-0.241951,-0.455385,-0.627475,0.000036,3.600000,-1.088765,-8.336238,1.034252,0.023239,0.000137,1.009750,0.000000,0.000000,0.000000,1.624679,-3.001265,4.635623,0.185633,0.005641,-0.372958
36.631358,-0.000929,-0.499902,0.998013,0.007291,0.010445,0.001167,-0.323785,-0.065331,-0.628332,0.000051,3.600000,3.977643,-6.162448,2.041995,0.028983,0.002417,1.001665,0.000000,0.000000,0.000000,3.864325,-11.804292,7.566928,0.206326,0.048951,-0.394520
36.683433,-0.000039,-0.499903,0.998015,0.008580,0.009860,0.001480,-0.111511,0.104924,-0.616271,-0.000050,3.600000,2.394514,0.871771,-0.701872,0.022988,-0.002993,1.002633,0.000000,0.000000,0.000000,-8.834964,11.628249,-5.885721,0.225711,-0.005834,-0.400268
36.730303,0.000066,-0.499918,0.998003,0.006762,0.008116,0.000188,-0.068182,0.019377,-0.620459,-0.000078,3.605279,-5.536363,0.239492,0.873557,0.019189,-0.003870,1.000646,0.000000,0.000000,0.000000,-5.050435,8.222555,-8.087931,0.210644,0.030187,-0.362459
36.782281,0.000055,-0.499148,0.997989,0.005373,0.011498,-0.001486,-0.422546,0.021291,-0.623367,-0.000005,3.600000,-8.638709,-3.677298,0.198127,0.018754,-0.008198,1.012206,0.000000,0.000000,0.000000,-8.462379,-0.863612,-0.501262,0.167061,0.007511,-0.426606
36.832383,0.000037,-0.498872,0.998004,0.003063,0.015202,0.000610,-0.752267,0.253196,-0.617979,0.000080,3.600000,1.740229,0.277779,-0.356628,0.025106,0.004311,0.997515,0.000000,0.000000,0.000000,8.565813,-5.788162,1.531338,0.165405,-0.051937,-0.344769
36.883326,0.000006,-0.498839,0.998926,-0.000195,0.017323,0.005446,-0.617480,0.314650,-0.640522,0.000032,3.600000,7.856857,2.570242,-0.253630,0.021340,0.007279,0.997147,0.000000,0.000000,0.000000,-5.447633,1.138841,2.286068,0.169288,0.031372,-0.431889
36.931374,-0.000017,-0.498845,0.999032,-0.001988,0.015505,0.002877,-0.077461,0.064717,-0.624414,-0.000139,3.605279,3.793313,9.163131,0.610547,0.018913,0.002391,0.998931,0.000000,0.000000,0.000000,-7.402727,2.107890,8.274799,0.122385,0.088337,-0.468723
36.982381,-0.000010,-0.498877,0.999006,-0.000325,0.011924,-0.000415,0.049413,-0.270903,-0.615884,-0.000107,3.605279,-6.965672,5.016452,0.248497,0.026756,-0.004184,0.994030,0.000000,0.000000,0.000000,5.351347,10.560275,-4.647400,0.159020,0.073897,-0.466977
37.031536,0.000020,-0.497989,0.998985,0.003206,0.014432,-0.001848,-0.393483,-0.509859,-0.618792,-0.000210,3.600000,-16.491552,-2.217796,-1.128182,0.027084,-0.003504,0.996295,0.000000,0.000000,0.000000,1.626911,-9.997507,0.170287,0.197876,0.000285,-0.427594
37.083453,0.000053,-0.497321,0.998981,0.006454,0.021232,-0.001747,-1.236756,-0.439684,-0.653196,-0.000061,3.600000,-16.452599,-4.420804,-1.199922,0.023430,-0.019023,1.008895,0.000000,0.000000,0.000000,3.165581,-14.382736,-3.423292,0.185835,0.086607,-0.324656
37.132518,0.000067,-0.496218,0.999002,0.006874,0.034292,0.000305,-1.825781,-0.015779,-0.659772,0.000094,3.600000,3.497194,-10.767333,0.079984,0.015945,0.000212,1.004335,0.000000,0.000000,0.000000,21.375124,-7.703073,8.288363,0.255316,-0.160663,-0.273732
37.182476,0.000090,-0.494677,0.999030,0.003648,0.046832,0.001824,-1.500068,0.384222,-0.655011,0.000080,3.600000,14.132445,-2.216867,1.023165,0.027687,0.001249,0.998549,0.000000,0.000000,0.000000,-1.688653,7.167010,3.423820,0.214059,-0.024955,-0.291608
37.232515,0.000005,-0.493070,1.000046,-0.000348,0.052270,0.006198,-0.816370,0.312307,-0.652422,-0.000032,3.605279,8.958488,10.325288,0.008235,0.016015,-0.001430,0.990751,0.000000,0.000000,0.000000,-9.096529,18.864271,-8.009186,0.276232,-0.013036,-0.370108
37.281460,-0.000008,-0.491116,1.000027,-0.000451,0.054003,0.001150,-0.519864,-0.240267,-0.654615,-0.000255,3.605279,-1.972022,7.912379,-1.681340,0.013278,-0.002850,0.993184,0.000000,0.000000,0.000000,-6.557816,-7.727143,3.514594,0.150277,-0.016129,-0.384958
37.332399,0.000019,-0.488778,0.999991,0.003163,0.056851,-0.001026,-0.701964,-0.544600,-0.718579,-0.000123,3.600000,-7.708378,0.391208,-0.160269,0.022508,0.003140,1.000964,0.000000,0.000000,0.000000,-2.925346,4.383565,-2.545882,0.133965,-0.137834,-0.373758
37.382345,0.000053,-0.486059,0.999998,0.006452,0.063096,-0.000036,-0.974548,-0.493043,-0.726507,-0.000053,3.600000,-0.642158,-7.229744,-2.085845,0.020023,0.004211,0.996445,0.000000,0.000000,0.000000,2.789805,2.439341,-2.166364,0.241334,-0.077687,-0.416824
37.434333,0.000067,-0.483679,0.999987,0.006981,0.067367,-0.001838,-0.903523,-0.090532,-0.759590,0.000055,3.600000,3.610661,1.223294,-1.243438,0.020382,-0.000013,0.996188,0.000000,0.000000,0.000000,0.127090,-1.658151,2.333131,0.168348,-0.026837,-0.372031
37.482313,0.000055,-0.480719,0.999980,0.005376,0.071338,-0.002171,-0.730182,0.001421,-0.794059,-0.000045,3.600000,-3.880584,4.785368,-0.749241,0.019620,-0.006695,1.001930,0.000000,0.000000,0.000000,-12.356818,21.896523,-6.377151,0.101560,0.017631,-0.320294
37.532440,0.000045,-0.477683,0.999988,0.004712,0.075523,-0.000791,-0.958319,-0.140543,-0.823596,-0.000097,3.600000,-9.881947,1.017050,-1.711489,0.024529,0.000809,1.001996,0.000000,0.000000,0.000000,-4.999058,17.091974,-1.999516,0.184555,-0.059434,-0.376410
37.581365,0.000046,-0.473913,1.001015,0.005055,0.085091,0.005169,-1.433842,-0.198678,-0.837576,-0.000067,3.605279,-3.733507,-6.549182,0.844592,0.018834,-0.010683,1.001448,0.000000,0.000000,0.000000,-5.729345,0.138626,2.213393,0.210739,-0.011302,-0.342772
37.630417,-0.000930,-0.469945,1.001032,0.000455,0.095926,0.002641,-1.593526,0.077495,-0.839787,0.000084,3.605279,1.982827,-3.006255,-1.507832,0.013175,0.000837,1.003368,0.000000,0.000000,0.000000,-2.800395,7.036342,-2.306280,0.208988,-0.071547,-0.325379
37.682480,-0.001006,-0.465856,1.001024,-0.001104,0.104777,0.002310,-1.456486,0.112580,-0.856397,-0.000045,3.600000,2.941435,8.937229,0.176386,0.024709,-0.008697,0.990639,0.000000,0.000000,0.000000,2.190237,5.406196,-4.141812,0.222500,-0.062806,-0.273830
37.732474,-0.001004,-0.460885,1.001791,0.000261,0.114314,0.004400,-1.381903,-0.349594,-0.899654,-0.000215,3.600000,-4.277402,9.391582,-0.287677,0.018134,-0.006218,1.006469,0.000000,0.000000,0.000000,-2.166217,11.663910,-8.683887,0.202306,-0.153071,-0.375370
37.780517,-0.001936,-0.455800,1.002041,0.001743,0.123468,0.004329,-1.587706,-0.789576,-0.926205,-0.000136,3.600000,-3.652852,-0.457112,-0.418963,0.015625,-0.017282,0.997232,0.000000,0.000000,0.000000,2.253202,9.020793,-0.626841,0.109938,-0.031974,-0.258940
37.831390,-0.001941,-0.449936,1.002022,0.007785,0.135681,0.001942,-1.733877,-0.820180,-0.952537,-0.000088,3.600000,1.901288,-5.431980,-1.423147,0.015648,-0.006998,0.994192,0.000000,0.000000,0.000000,6.705644,-6.342109,3.652822,0.218637,-0.133602,-0.336345
37.880445,-0.001897,-0.443835,1.002000,0.011878,0.146173,-0.001104,-1.642447,-0.655172,-1.027391,-0.000038,3.600000,-0.473207,-2.720018,-0.578121,0.025547,-0.003200,1.000440,0.000000,0.000000,0.000000,-4.989712,18.252785,-0.309778,0.209284,-0.192538,-0.283114
37.932425,-0.001870,-0.437039,1.001986,0.014209,0.157085,-0.001467,-1.668189,-0.557663,-1.023581,-0.000137,3.600000,-4.079015,2.906648,-1.560408,0.028513,-0.002304,0.994762,0.000000,0.000000,0.000000,6.891599,-3.693346,1.374177,0.189203,-0.055303,-0.320130
37.980349,-0.001842,-0.429964,1.001989,0.015289,0.166701,0.000242,-1.707042,-0.508037,-1.020500,-0.000073,3.600000,1.607147,-2.693172,0.634585,0.019451,-0.004661,1.002003,0.000000,0.000000,0.000000,6.219070,-0.607143,-10.166291,0.300790,-0.091024,-0.398617
38.031559,-0.000845,-0.422609,1.002003,0.019486,0.175722,0.000151,-1.582747,-0.411644,-1.034338,-0.000116,3.600000,-0.335560,-2.458143,-0.071761,0.021577,-0.007352,1.002825,0.000000,0.000000,0.000000,-11.754553,8.697834,2.654949,0.179953,-0.092356,-0.295953
38.083433,-0.000821,-0.414861,1.001990,0.018341,0.184144,-0.001274,-1.643814,-0.226045,-1.032138,-0.000123,3.600000,-7.545965,-3.483752,1.280914,0.022213,-0.013185,0.991335,0.000000,0.000000,0.000000,-4.233770,-12.349399,10.150078,0.182806,-0.004788,-0.305359
38.131324,-0.000070,-0.406007,1.001977,0.018224,0.196608,-0.002370,-1.886005,0.061965,-1.011508,0.000030,3.600000,-3.409482,-2.213224,0.530097,0.015596,-0.004642,1.000311,0.000000,0.000000,0.000000,-0.137666,0.901762,4.832914,0.244720,-0.151823,-0.355310
38.181465,0.000142,-0.396925,1.002378,0.014280,0.208956,0.000324,-1.999202,0.192483,-1.000583,-0.000106,3.600000,-5.898540,1.017731,-0.631427,0.028520,-0.005256,0.999016,0.000000,0.000000,0.000000,3.987500,-2.485034,3.052983,0.223181,-0.100738,-0.319529
38.231476,0.000106,-0.387718,1.002895,0.009861,0.220282,-0.000096,-2.140036,0.236275,-0.998478,-0.000114,3.600000,0.424246,-0.332433,-0.008910,0.024163,-0.011881,0.992588,0.000000,0.000000,0.000000,-0.829602,-18.767862,5.768207,0.221387,-0.111158,-0.098680
38.281305,0.000067,-0.376812,1.002990,0.006013,0.235968,-0.001811,-2.055514,0.262694,-0.996982,-0.000017,3.600000,4.626796,4.256410,-1.875010,0.017044,-0.008400,0.992824,0.000000,0.000000,0.000000,-7.416616,-0.192522,0.677467,0.227042,-0.093026,-0.266223
38.331482,0.000037,-0.366599,1.002963,0.003227,0.244234,-0.004746,-1.768067,0.146744,-1.019359,-0.000129,3.600000,-0.339643,-0.092327,1.308866,0.027590,-0.007424,0.991224,0.000000,0.000000,0.000000,-5.313447,-5.983810,-3.673070,0.177146,-0.138606,-0.373537
38.381388,0.000051,-0.354504,1.001865,0.002729,0.257459,-0.010289,-1.837512,-0.098478,-1.041228,-0.000215,3.600000,-4.687615,3.991399,2.030197,0.024519,-0.010744,0.998270,0.000000,0.000000,0.000000,1.221058,-9.256095,3.289986,0.213600,-0.064467,-0.364980
38.430339,0.000033,-0.342941,1.001920,0.003915,0.267488,-0.008120,-1.940230,-0.269102,-1.028455,-0.000116,3.594722,3.680832,0.917238,-0.545628,0.020809,-0.000115,0.997801,0.000000,0.000000,0.000000,8.549808,-6.354824,1.518881,0.265705,-0.087268,-0.372571
38.482432,0.000047,-0.330594,1.001942,0.005384,0.277378,-0.005045,-1.645854,-0.272600,-1.020161,-0.000073,3.594722,13.998260,-5.213523,3.313999,0.027011,-0.012085,0.999555,0.000000,0.000000,0.000000,16.410805,10.022892,-3.290742,0.167377,-0.012160,-0.369085
38.531515,0.000060,-0.318023,1.001942,0.006736,0.282890,-0.006400,-1.198521,-0.343737,-1.006472,-0.000190,3.594722,-1.696286,1.431394,1.770959,0.022192,-0.016415,0.995575,0.000000,0.000000,0.000000,-3.488309,-2.833493,8.789068,0.296277,-0.109289,-0.465439
38.582406,0.000077,-0.304983,1.001019,0.008653,0.288429,-0.011643,-1.312980,-0.459821,-0.988999,-0.000164,3.594722,-11.216511,1.791169,-0.347600,0.023703,-0.006766,0.991485,0.000000,0.000000,0.000000,-10.689713,18.584751,-12.662483,0.229863,-0.193843,-0.416631
38.631391,0.000096,-0.291527,1.000893,0.010559,0.297294,-0.011149,-1.722564,-0.424025,-0.964646,-0.000089,3.594722,-1.486755,-5.795437,0.018424,0.027980,-0.007290,1.004589,0.000000,0.000000,0.000000,3.140463,-4.285655,-6.120043,0.242137,-0.066000,-0.466541
38.682289,0.000208,-0.277384,1.000278,0.010684,0.308058,-0.010785,-1.654381,-0.066161,-0.900030,0.000050,3.594722,5.358683,-6.926029,1.321292,0.026913,-0.011419,1.002441,0.000000,0.000000,0.000000,-4.070649,30.805950,-14.250020,0.199759,-0.027749,-0.392079
38.732419,0.000081,-0.263632,0.999913,0.007810,0.313917,-0.009075,-1.405978,0.051346,-0.938076,-0.000127,3.594722,-1.797622,6.123927,-1.029087,0.014850,-0.015984,1.007226,0.000000,0.000000,0.000000,14.218605,-7.149491,7.779540,0.283170,-0.195664,-0.434206
38.781431,0.000583,-0.248805,0.999936,0.009147,0.321993,-0.005858,-1.477389,-0.265341,-0.970093,-0.000320,3.594722,-6.874081,9.345147,-1.128401,0.030192,-0.011962,1.000583,0.000000,0.000000,0.000000,-7.390554,-0.000316,-1.027567,0.184659,-0.201724,-0.344632
38.830396,0.001212,-0.233430,0.999907,0.013508,0.332609,-0.004718,-1.768334,-0.542068,-0.996608,-0.000211,3.600000,1.354079,-10.426798,2.954111,0.022198,-0.009713,0.993605,0.000000,0.000000,0.000000,5.896973,0.525690,3.720418,0.254112,-0.167327,-0.396341
38.885424,0.001264,-0.218256,0.999225,0.013702,0.341158,-0.007853,-1.639847,-0.126478,-0.940612,0.000036,3.594722,2.055341,-4.799264,-4.136369,0.018264,-0.020245,1.000091,0.000000,0.000000,0.000000,-5.676944,-2.341119,-5.331600,0.259042,-0.144124,-0.501488
38.931419,0.002254,-0.202340,0.998857,0.013969,0.349121,-0.007840,-1.453965,0.132361,-0.954662,-0.000182,3.594722,0.160700,0.715364,0.415055,0.027137,-0.015729,1.002913,0.000000,0.000000,0.000000,-8.126971,13.535975,-9.545427,0.147343,-0.253517,-0.394309
38.982438,0.002104,-0.186614,0.998952,0.009968,0.354632,-0.003844,-1.471231,0.129519,-0.949630,-0.000222,3.594722,-1.694027,-0.381671,1.500881,0.022846,-0.011099,1.002582,0.000000,0.000000,0.000000,1.988586,-24.197882,8.340391,0.207750,-0.158458,-0.441217
39.032404,0.003077,-0.169938,0.998974,0.010514,0.363224,-0.002227,-1.567420,0.111887,-0.938833,-0.000208,3.600000,-0.192403,0.976109,-0.207412,0.020804,-0.013334,1.000235,0.000000,0.000000,0.000000,-1.035218,1.553115,-0.600091,0.253317,-0.125731,-0.426445
39.080314,0.003081,-0.152901,0.998983,0.007882,0.371003,-0.002227,-1.396532,0.061853,-0.982339,-0.000206,3.594722,4.324432,0.825525,-1.488092,0.021393,-0.015529,1.002920,0.000000,0.000000,0.000000,10.399085,4.005941,3.488445,0.172974,-0.174471,-0.328871
39.131298,0.003127,-0.135681,0.998972,0.006065,0.376797,-0.001599,-1.232807,0.128601,-0.964084,-0.000063,3.594722,5.546834,-3.073691,-0.044501,0.015559,-0.012096,0.996779,0.000000,0.000000,0.000000,-9.119679,22.548643,-12.568034,0.206252,-0.109462,-0.418644
39.185435,0.003037,-0.118549,0.999999,0.003208,0.380352,0.003620,-1.086862,0.198460,-0.990714,-0.000071,3.594722,-0.326239,-0.238299,-1.594007,0.019346,-0.015634,0.998836,0.000000,0.000000,0.000000,0.753586,-17.153761,5.835824,0.199279,-0.182030,-0.446069
39.231419,0.003095,-0.100686,1.000055,0.001155,0.384619,0.002864,-1.016525,0.142052,-1.013938,-0.000170,3.594722,-4.343488,4.145737,-1.413658,0.027392,-0.021803,0.997185,0.000000,0.000000,0.000000,0.753066,-21.243296,3.929620,0.180461,-0.200970,-0.430627
39.281450,0.003131,-0.082842,1.000013,0.000115,0.389154,0.000573,-1.228661,0.074999,-0.982490,-0.000153,3.594722,-2.769819,2.088696,0.522763,0.020827,-0.005262,0.998176,0.000000,0.000000,0.000000,-1.464817,-1.862802,7.959699,0.196142,-0.154165,-0.419330
39.330400,0.003806,-0.064757,0.999994,0.002697,0.394708,-0.000430,-1.264746,-0.090962,-0.985363,-0.000184,3.600000,3.729889,5.579355,1.075294,0.022401,-0.021338,1.004250,0.000000,0.000000,0.000000,-16.223549,16.575077,-6.444538,0.233242,-0.142685,-0.350534
39.382499,0.003837,-0.045881,1.000000,0.003872,0.400691,-0.000183,-0.981244,-0.198955,-0.983896,-0.000142,3.594722,4.032770,0.617818,-1.384328,0.021915,-0.015077,1.003208,0.000000,0.000000,0.000000,-11.040308,4.669427,-7.584853,0.201021,-0.139999,-0.243853
39.430428,0.003687,-0.026884,1.000001,0.004311,0.404081,-0.000313,-0.722556,-0.180602,-1.003442,-0.000187,3.594722,5.282789,-4.773256,2.734442,0.026396,-0.015029,0.994386,0.000000,0.000000,0.000000,3.399318,-8.163080,1.111100,0.259639,-0.159615,-0.325860
39.482350,0.004047,-0.008850,0.999997,0.005432,0.401503,0.000254,-0.384736,-0.009562,-0.980361,-0.000098,3.594722,7.599269,-3.638906,1.487082,0.020306,-0.017209,1.001915,0.000000,0.000000,0.000000,2.393009,-5.531604,0.690400,0.210530,-0.135774,-0.343491
39.531470,0.004040,0.009220,0.999986,0.003493,0.395962,-0.001903,0.035488,0.189539,-0.947631,-0.000157,3.594722,5.742427,1.202593,-1.230200,0.018945,-0.012983,0.987131,0.000000,0.000000,0.000000,-6.747976,-5.876800,-0.438334,0.270105,-0.218024,-0.441363
39.581366,0.004040,0.027914,0.998968,0.001490,0.391147,-0.008302,0.217332,0.174718,-0.964247,-0.000159,3.594722,-5.747365,-0.208987,2.051930,0.027815,-0.017330,1.007182,0.000000,0.000000,0.000000,-7.731481,6.572392,1.813383,0.205228,-0.186138,-0.553400
39.635442,0.004540,0.046017,0.998863,0.001918,0.386462,-0.006514,-0.077725,0.105256,-0.926428,-0.000202,3.594722,-6.928643,3.701143,0.542662,0.019514,-0.016215,1.003952,0.000000,0.000000,0.000000,5.465584,-4.817055,4.167968,0.294687,-0.186071,-0.396744
39.681503,0.004973,0.064163,0.998969,0.002847,0.384748,-0.002418,-0.276638,0.012025,-0.916677,-0.000149,3.594722,5.729700,-8.079996,1.371107,0.026625,-0.005226,1.002591,0.000000,0.000000,0.000000,3.343117,11.587224,-3.518486,0.233903,-0.182314,-0.297052
39.730325,0.005038,0.082828,0.998958,0.001725,0.384358,-0.002234,-0.079229,0.181583,-0.907603,-0.000126,3.594722,3.903479,-2.048960,-1.780288,0.029795,-0.019986,0.993103,0.000000,0.000000,0.000000,13.531301,-11.825855,3.081033,0.275045,-0.090639,-0.416893
39.781356,0.004995,0.100908,0.998950,-0.001134,0.380786,-0.002516,0.096109,0.372585,-0.901167,-0.000091,3.594722,0.729203,-2.232092,1.969552,0.013676,-0.028028,1.004194,0.000000,0.000000,0.000000,0.295423,-4.981614,-1.628560,0.189911,-0.163207,-0.430912
39.832372,0.004928,0.118833,0.998962,-0.004750,0.376650,-0.002189,0.168473,0.459921,-0.868808,-0.000023,3.594722,2.705141,-2.225145,3.520940,0.020176,-0.012772,0.997887,0.000000,0.000000,0.000000,-4.233111,18.021450,7.817158,0.170084,-0.205185,-0.314593
39.881288,0.004936,0.136364,0.998975,-0.007365,0.370633,-0.003082,0.354021,0.390137,-0.823645,-0.000130,3.594722,5.474892,7.738041,-0.105306,0.014624,-0.008029,1.002481,0.000000,0.000000,0.000000,-4.853270,4.475975,1.835985,0.275508,-0.156895,-0.503464
39.930362,0.004842,0.154505,0.998915,-0.008276,0.365496,-0.005067,0.653615,0.094888,-0.798730,-0.000169,3.594722,2.282831,4.529025,0.699507,0.030376,-0.006481,0.994817,0.000000,0.000000,0.000000,-0.778686,12.550281,7.303339,0.237513,-0.136640,-0.444645
39.980302,0.004933,0.171798,0.998959,-0.006291,0.357284,-0.004105,0.794646,-0.140633,-0.820781,-0.000209,3.594722,1.426580,-0.203304,0.093598,0.025157,-0.016573,0.998671,0.000000,0.000000,0.000000,0.613734,11.793964,-3.164225,0.230179,-0.084463,-0.388586
40.030451,0.004956,0.188215,0.997995,-0.003841,0.346527,-0.006317,0.831527,-0.186406,-0.822459,-0.000135,3.594722,1.790690,-3.014733,0.945607,0.022712,-0.019188,0.999824,0.000000,0.000000,0.000000,-2.761101,8.825085,-6.926715,0.223994,-0.122267,-0.431746
40.081341,0.004943,0.204647,0.997913,-0.002701,0.336882,-0.003701,0.950229,-0.029883,-0.782809,-0.000137,3.594722,2.681270,-2.419515,0.994638,0.010444,-0.016982,1.010893,0.000000,0.000000,0.000000,14.118367,-14.178644,8.455913,0.272512,-0.287814,-0.437421
40.129373,0.004973,0.220253,0.997972,-0.002970,0.325578,-0.003170,1.069134,0.145671,-0.784224,-0.000129,3.594722,-0.326437,1.192015,-0.099723,0.025654,-0.019626,1.000577,0.000000,0.000000,0.000000,-3.644985,-1.189071,12.034585,0.108022,-0.184313,-0.360289
40.181388,0.004931,0.236331,0.997938,-0.003644,0.317045,-0.003696,1.004535,0.029414,-0.818510,-0.000251,3.589443,-3.929178,3.758709,1.179337,0.027941,-0.014201,1.004008,0.000000,0.000000,0.000000,-4.438569,6.069058,-2.927634,0.208592,-0.196909,-0.493856
40.232366,0.004972,0.251098,0.997969,-0.002480,0.307724,-0.003123,0.723194,-0.118894,-0.833564,-0.000202,3.594722,-4.004622,-0.973679,-2.626717,0.022395,-0.010604,0.995632,0.000000,0.000000,0.000000,14.951530,-7.005198,0.534413,0.224616,-0.006952,-0.394827
40.281637,0.005659,0.266035,0.997035,0.000519,0.301766,-0.005101,0.660339,0.037175,-0.851332,-0.000061,3.589443,4.878770,-5.821417,0.495431,0.021097,-0.010556,1.008445,0.000000,0.000000,0.000000,-0.648811,6.047316,-3.497878,0.270361,-0.076924,-0.496868
40.332458,0.005765,0.280207,0.996975,-0.000869,0.293170,-0.002059,0.840927,0.316758,-0.814016,-0.000064,3.589443,2.385005,-1.780600,-0.670587,0.024994,-0.007492,1.004649,0.000000,0.000000,0.000000,-2.697079,4.634024,-7.231796,0.204147,-0.134057,-0.446095
40.380346,0.005971,0.294381,0.996987,-0.003042,0.284525,-0.001341,1.007879,0.365299,-0.823878,-0.000132,3.594722,-0.616577,3.230039,0.169019,0.031527,-0.021291,1.004636,0.000000,0.000000,0.000000,-8.516413,11.429307,-1.273939,0.209325,-0.109812,-0.512734
40.429491,0.005905,0.307822,0.997532,-0.005651,0.274189,0.002363,1.053278,0.362937,-0.813840,-0.000117,3.594722,-0.496157,0.203258,1.324918,0.020551,-0.010318,1.008474,0.000000,0.000000,0.000000,-14.537288,1.750559,0.443183,0.234000,-0.185393,-0.421067
40.480493,0.005932,0.321253,0.997719,-0.007582,0.265836,0.004695,1.000743,0.350239,-0.811404,-0.000044,3.594722,2.129412,-1.960018,-0.830596,0.021025,-0.012312,0.993175,0.000000,0.000000,0.000000,4.094617,14.357018,-2.495871,0.257713,-0.155951,-0.400832
40.531457,0.005458,0.334243,0.998015,-0.010993,0.257191,0.000921,1.053034,0.380514,-0.800936,-0.000040,3.594722,0.451995,4.393742,0.325020,0.020470,-0.005997,0.994242,0.000000,0.000000,0.000000,-11.281907,-1.096632,-6.740902,0.189716,-0.158194,-0.499290
40.581454,0.004956,0.346841,0.997992,-0.012939,0.248078,-0.001000,1.149931,0.138684,-0.791141,-0.000169,3.594722,7.179839,5.084179,0.186064,0.024481,-0.017036,0.996737,0.000000,0.000000,0.000000,2.083452,19.857668,-2.510206,0.181987,-0.060704,-0.497885
40.629328,0.004773,0.358496,0.997971,-0.011357,0.235785,-0.001727,1.442775,-0.111678,-0.784611,-0.000179,3.589443,2.696805,5.894794,-0.488254,0.019350,-0.012157,1.007789,0.000000,0.000000,0.000000,-0.722750,6.795910,2.742488,0.211938,-0.141921,-0.488092
40.681443,0.004921,0.370135,0.997983,-0.006907,0.224080,-0.002049,1.483807,-0.382602,-0.773977,-0.000242,3.589443,-3.500513,2.861867,-0.075915,0.016683,-0.009412,0.994828,0.000000,0.000000,0.000000,-11.288999,16.738081,0.732731,0.200373,-0.070056,-0.421819
40.729316,0.004931,0.381065,0.997964,-0.002322,0.212852,-0.001356,1.309811,-0.435448,-0.764479,-0.000210,3.589443,-0.549322,-4.974590,-0.731297,0.026031,-0.004061,0.994867,0.000000,0.000000,0.000000,4.819391,-15.417899,2.974329,0.316363,-0.128987,-0.569563
40.781367,0.004997,0.391040,0.997976,0.000273,0.200766,-0.002905,1.401628,-0.156612,-0.754653,-0.000022,3.589443,2.529847,-9.426956,1.138396,0.027929,-0.004552,0.999583,0.000000,0.000000,0.000000,-11.096130,8.495979,-4.863903,0.205331,-0.054250,-0.506733
40.830275,0.004993,0.400855,0.997948,-0.000787,0.189156,-0.003300,1.415075,0.225833,-0.737486,-0.000031,3.589443,-5.335864,-3.867937,1.994946,0.030650,-0.013455,0.990165,0.000000,0.000000,0.000000,4.893653,4.422454,-10.495714,0.194277,-0.055052,-0.385589
40.881407,0.004946,0.410679,0.996947,-0.003515,0.180988,-0.007332,1.160552,0.311003,-0.701782,-0.000111,3.589443,-3.994602,0.958508,0.029883,0.028237,-0.028907,1.007949,0.000000,0.000000,0.000000,4.396470,6.063478,2.782603,0.228965,-0.080335,-0.468088
40.929296,0.004952,0.419276,0.997973,-0.005502,0.171663,-0.001706,1.031672,0.323178,-0.660263,-0.000063,3.589443,2.624807,1.215269,-0.243511,0.025724,-0.006704,0.999678,0.000000,0.000000,0.000000,3.647295,-1.964180,-3.252011,0.220500,-0.178817,-0.383523
40.981577,0.004871,0.427591,0.997976,-0.007040,0.162488,-0.001043,1.156423,0.229427,-0.653911,-0.000108,3.589443,5.310462,2.309019,-1.289965,0.025373,-0.019826,0.996764,0.000000,0.000000,0.000000,1.487630,0.591668,-6.360121,0.297139,-0.040077,-0.472984
41.031385,0.003915,0.435883,0.997982,-0.010392,0.153361,-0.002027,1.335610,0.136044,-0.613990,-0.000134,3.589443,2.245320,5.950034,-1.391727,0.019749,-0.011473,0.996876,0.000000,0.000000,0.000000,-11.256265,2.604541,-4.553796,0.255232,-0.157629,-0.429059
41.082594,0.003912,0.443115,0.997983,-0.008452,0.141097,-0.001813,1.490124,-0.156359,-0.614686,-0.000140,3.589443,2.315817,2.284263,-1.246648,0.010171,-0.002550,0.999708,0.000000,0.000000,0.000000,1.822452,-0.412713,1.617711,0.251018,-0.102718,-0.326262
41.130276,0.002872,0.450342,0.997922,-0.009077,0.129856,-0.005010,1.544774,-0.238402,-0.628774,-0.000157,3.589443,-2.488438,3.798034,0.862373,0.021450,0.004559,0.990645,0.000000,0.000000,0.000000,4.463755,-6.109122,3.317141,0.191015,-0.018808,-0.454571
41.179400,0.002878,0.456878,0.998416,-0.005368,0.119033,-0.004069,1.400180,-0.314999,-0.632292,-0.000136,3.589443,-1.627946,1.676850,-0.652970,0.022272,0.000682,1.001068,0.000000,0.000000,0.000000,5.425914,-6.384145,-2.033971,0.243859,0.008122,-0.509669
41.229316,0.001959,0.462994,0.998965,-0.004984,0.109359,-0.000974,1.441601,-0.276779,-0.615300,-0.000088,3.589443,4.265012,-0.557725,-1.440788,0.025380,-0.011044,0.999746,0.000000,0.000000,0.000000,-7.489675,5.063726,-3.098893,0.145837,-0.023749,-0.475028
41.281415,0.001976,0.467998,0.998980,-0.001371,0.096245,-0.002444,1.574562,-0.463572,-0.632072,-0.000258,3.589443,-3.397054,6.992408,-1.335010,0.019040,-0.004769,1.003705,0.000000,0.000000,0.000000,-2.658102,-10.286196,-0.435472,0.185888,-0.068153,-0.517318
41.329551,0.002021,0.472953,0.998976,0.003788,0.085399,-0.002249,1.458056,-0.674279,-0.651496,-0.000227,3.589443,-6.079124,0.231949,0.010663,0.025446,-0.018043,1.004324,0.000000,0.000000,0.000000,5.421293,5.016784,-5.524799,0.113822,-0.127074,-0.461343
41.379419,0.002147,0.477607,0.999003,0.009059,0.077234,0.001197,1.149089,-0.672623,-0.648297,-0.000104,3.594722,0.051221,-9.855751,0.812630,0.011589,-0.024147,1.008364,0.000000,0.000000,0.000000,-10.694136,4.154170,1.659725,0.181747,-0.078192,-0.285687
41.430457,0.002096,0.481984,0.999006,0.010044,0.070418,0.000043,1.212192,-0.151837,-0.647936,-0.000066,3.594722,3.166879,-2.597959,0.176955,0.026393,-0.004316,1.001412,0.000000,0.000000,0.000000,-2.242911,-15.626921,6.782434,0.153840,-0.168231,-0.448839
41.481460,0.002082,0.485910,0.999775,0.007883,0.061983,0.002555,1.312812,0.106023,-0.685012,-0.000070,3.589443,-5.146588,-0.022683,-0.547392,0.019702,0.002171,0.990508,0.000000,0.000000,0.000000,-4.979341,2.861235,2.932688,0.293799,-0.081056,0.011435
41.531425,0.002121,0.489274,1.000008,0.005631,0.053774,0.000883,1.166872,0.134357,-0.666936,-0.000049,3.594722,1.230554,-2.506050,1.158979,0.017794,-0.006735,1.002008,0.000000,0.000000,0.000000,-3.763941,12.357983,-8.325751,0.240986,-0.087937,-0.544693
41.580375,0.002076,0.492262,0.999606,0.003390,0.045910,-0.000941,1.208651,0.109489,-0.675098,-0.000140,3.594722,4.920004,2.439506,-0.598285,0.017494,0.007127,1.000000,0.000000,0.000000,0.000000,4.566164,-4.498197,4.279646,0.190067,-0.158219,-0.357539
41.631382,0.002049,0.495144,0.999249,0.002379,0.037766,-0.002505,1.381110,0.002994,-0.693341,-0.000201,3.594722,-4.041216,7.155557,0.557943,0.024911,0.004789,0.986995,0.000000,0.000000,0.000000,-0.198583,-9.888559,15.123080,0.180196,-0.034515,-0.378267
41.679494,0.003093,0.497307,0.998960,0.006837,0.028938,-0.004179,1.179598,-0.306702,-0.680782,-0.000352,3.594722,-9.274755,4.319267,-1.522657,0.030412,-0.007029,0.999334,0.000000,0.000000,0.000000,-9.746651,0.674897,4.159972,0.209608,0.071187,-0.499891
41.730447,0.003157,0.499360,0.998941,0.008782,0.024190,-0.003257,0.822490,-0.396304,-0.705554,-0.000104,3.589443,1.704023,-9.612165,-0.034982,0.021903,0.003049,1.000214,0.000000,0.000000,0.000000,7.243882,-6.088782,-5.810159,0.222160,0.003354,-0.435958
41.782293,0.003078,0.501076,0.998987,0.007501,0.019782,-0.000393,0.871486,0.127740,-0.713395,-0.000016,3.594722,4.494225,-7.925341,-1.131617,0.018264,-0.009607,1.005192,0.000000,0.000000,0.000000,-12.711907,6.563535,-5.788665,0.242486,0.016370,-0.409119
41.830374,0.003045,0.502630,0.999006,0.003412,0.014542,0.000675,0.964407,0.394792,-0.762803,-0.000023,3.589443,-3.481786,-2.421572,1.949869,0.027183,-0.005970,0.995583,0.000000,0.000000,0.000000,-1.868799,1.498634,4.385187,0.231696,-0.050241,-0.375815
41.882478,0.003002,0.503985,0.999010,-0.000954,0.011246,0.001344,0.557291,0.425078,-0.816204,-0.000134,3.589443,-7.554657,9.534475,-1.410050,0.022894,-0.010343,1.001697,0.000000,0.000000,0.000000,-3.937333,2.707188,-6.950881,0.221774,-0.002136,-0.332846
41.930445,0.002950,0.505095,0.999028,-0.003207,0.010776,0.001564,0.259682,0.251869,-0.861982,-0.000062,3.589443,4.885517,1.309250,-2.190970,0.028467,-0.002042,0.994589,0.000000,0.000000,0.000000,11.689379,-21.176146,-1.329622,0.264141,-0.035755,-0.431869
41.979345,0.002959,0.506088,0.999008,-0.004783,0.009372,0.001493,0.505849,0.284631,-0.902416,-0.000020,3.589443,4.450495,-1.962339,-1.397381,0.025483,0.008617,1.001511,0.000000,0.000000,0.000000,0.199960,-12.711376,-8.153074,0.299985,-0.044740,-0.459327
42.031657,0.002087,0.507091,1.000072,-0.009037,0.006108,0.007561,0.675741,0.236126,-0.958594,-0.000092,3.589443,1.576550,3.695889,1.253410,0.019393,0.001027,1.003956,0.000000,0.000000,0.000000,-2.792891,-4.645870,12.325302,0.228532,0.038914,-0.278009
42.079342,0.001826,0.507957,1.000114,-0.009343,0.002627,0.006521,0.647290,0.083798,-0.969912,-0.000121,3.594722,-4.073708,7.869407,-2.997216,0.022389,0.001109,0.993907,0.000000,0.000000,0.000000,3.027367,-7.652930,-0.997302,0.210906,-0.010316,-0.473954
42.129495,0.001856,0.508514,1.000084,-0.006779,-0.000254,0.003769,0.545277,-0.166422,-1.029446,-0.000120,3.594722,3.423349,1.983772,-1.650557,0.037315,-0.008543,0.988460,0.000000,0.000000,0.000000,4.822871,-16.070227,-2.085329,0.224982,0.087119,-0.489888
42.180319,0.001914,0.508943,1.001092,-0.003660,-0.003756,0.005883,0.704262,-0.250552,-1.030539,-0.000085,3.589443,3.946472,4.892159,-1.675955,0.018604,-0.005884,0.993149,0.000000,0.000000,0.000000,-8.281658,-3.520702,2.326770,0.297265,0.018057,-0.354556
42.232401,0.001989,0.508924,1.001022,-0.000348,-0.009573,0.001600,0.856943,-0.316311,-1.055819,-0.000060,3.594722,0.271343,-2.186251,-2.297037,0.022278,0.000279,0.993813,0.000000,0.000000,0.000000,5.619429,-18.024284,3.806069,0.271982,-0.004448,-0.374578
42.279352,0.002011,0.508876,1.001917,0.001573,-0.014107,0.004320,0.685214,-0.186159,-1.071092,-0.000048,3.589443,-8.934009,-4.666305,0.653315,0.033961,-0.003262,0.987808,0.000000,0.000000,0.000000,-1.548356,-2.174700,5.654253,0.170242,0.003842,-0.403155
42.331338,0.002021,0.508859,1.002014,0.002100,-0.014612,0.000915,0.232243,0.046446,-1.050059,0.000100,3.594722,-1.738261,-9.703620,0.529550,0.018790,-0.003615,0.993394,0.000000,0.000000,0.000000,2.920864,-0.854927,-2.018028,0.246941,-0.020371,-0.425863
42.382457,0.002545,0.508732,1.001974,0.001756,-0.013598,-0.001683,0.111850,0.336085,-1.014913,0.000042,3.589443,-1.365345,-0.663746,-1.074154,0.026681,-0.001835,0.997729,0.000000,0.000000,0.000000,0.913227,-0.900276,2.204986,0.206784,0.081228,-0.384869
42.431351,0.003005,0.508885,1.001985,0.000375,-0.011478,-0.001786,0.081751,0.372341,-1.026273,-0.000013,3.589443,-4.098793,0.675775,0.588625,0.022419,-0.004164,1.008070,0.000000,0.000000,0.000000,-6.015626,23.737881,-9.080676,0.263266,-0.008745,-0.373466
42.480471,0.002984,0.508905,1.001992,-0.002371,-0.009229,-0.001142,-0.028727,0.296652,-0.989752,-0.000063,3.594722,3.237404,2.632767,1.378930,0.024976,-0.000843,0.998374,0.000000,0.000000,0.000000,1.707823,7.552676,-8.312934,0.255771,-0.106854,-0.240869
42.531390,0.002967,0.508019,1.001982,-0.003851,-0.010963,-0.002214,0.143115,0.250638,-0.971742,-0.000030,3.594722,2.099351,-1.580829,-0.927286,0.023674,0.006608,0.994571,0.000000,0.000000,0.000000,-3.143659,-1.197228,0.647818,0.232061,-0.028192,-0.414587
42.579501,0.003705,0.508588,1.001965,-0.002617,-0.008654,-0.001591,0.173623,0.235603,-0.969896,-0.000012,3.589443,-2.988616,1.882217,-1.007022,0.021183,0.000401,1.002500,0.000000,0.000000,0.000000,0.778032,16.614117,-10.494503,0.176465,0.000117,-0.404252
42.631457,0.003939,0.508859,1.001974,-0.003099,-0.006586,-0.001858,-0.000307,0.175555,-0.943676,-0.000117,3.594722,-1.603322,-5.251316,1.690070,0.027156,-0.007180,0.999425,0.000000,0.000000,0.000000,3.628996,0.845260,-6.810151,0.178378,0.059910,-0.362385
42.681387,0.003913,0.508902,1.001949,-0.005258,-0.004767,-0.003067,0.010370,0.439441,-0.924585,0.000059,3.589443,4.873405,-1.154662,0.871360,0.023168,-0.009489,1.000560,0.000000,0.000000,0.000000,2.130987,5.441337,9.671495,0.244055,0.002526,-0.376497
42.730387,0.003930,0.508956,1.000942,-0.008266,-0.004891,-0.008223,0.251020,0.560675,-0.911819,-0.000008,3.589443,1.217058,4.742674,0.564005,0.024483,-0.002628,0.996559,0.000000,0.000000,0.000000,-0.499024,0.429758,10.129601,0.228347,0.004761,-0.378343
42.779324,0.003808,0.508884,1.000856,-0.010404,-0.006455,-0.006969,0.241912,0.291840,-0.909952,-0.000079,3.589443,-4.462999,3.762649,-1.268560,0.019343,0.002487,1.009919,0.000000,0.000000,0.000000,4.327925,3.343357,-3.613300,0.272709,-0.029422,-0.378335
42.831331,0.003907,0.509955,1.000959,-0.009513,-0.002980,-0.003745,0.068150,0.148366,-0.914527,-0.000021,3.589443,3.489734,-1.658022,0.754772,0.015414,-0.002502,1.002815,0.000000,0.000000,0.000000,4.370066,3.720198,-0.970357,0.224128,0.004936,-0.410851
42.881440,0.003913,0.509967,0.999976,-0.008892,-0.003839,-0.004926,0.318889,0.149087,-0.875885,-0.000047,3.589443,9.023812,-1.725036,-0.933266,0.029573,0.002914,1.001714,0.000000,0.000000,0.000000,0.199918,-7.297996,1.924797,0.235214,-0.042720,-0.386471
42.928520,0.003824,0.509873,0.999915,-0.009285,-0.007942,-0.004743,0.722789,0.225807,-0.861030,-0.000007,3.589443,-1.922572,-1.199591,-1.150499,0.023276,0.008674,0.994511,0.000000,0.000000,0.000000,-15.704768,9.465042,-4.728018,0.368026,-0.062103,-0.358919
42.981431,0.003815,0.510793,0.999911,-0.009758,-0.008491,-0.004376,0.504573,0.229605,-0.879992,-0.000029,3.589443,-11.326259,0.278336,0.407117,0.020711,0.007507,1.010577,0.000000,0.000000,0.000000,-8.518258,-4.117549,-0.407767,0.217978,-0.005851,-0.353519
43.030411,0.003906,0.510920,1.000770,-0.009799,-0.007961,0.003589,0.088926,0.228364,-0.882446,-0.000069,3.589443,-2.546701,-0.802491,0.783213,0.018440,0.009994,1.000106,0.000000,0.000000,0.000000,8.605330,0.267223,0.168641,0.244674,0.046167,-0.418667
43.080463,0.003803,0.510870,1.001072,-0.010470,-0.006410,0.005185,0.029781,0.292190,-0.867037,0.000079,3.594722,10.922970,-8.296731,1.441118,0.022539,0.008951,0.996232,0.000000,0.000000,0.000000,4.723398,-1.454570,0.217773,0.195435,0.070564,-0.427747
43.128488,0.003513,0.510859,1.001037,-0.012847,-0.008133,0.000751,0.472575,0.455391,-0.821916,0.000041,3.594722,8.646393,1.584107,0.626431,0.015758,-0.005475,0.994798,0.000000,0.000000,0.000000,-11.507586,23.703444,-9.429715,0.220621,0.031364,-0.441869
43.195407,0.002722,0.510776,1.000954,-0.015789,-0.013217,-0.003411,0.864325,0.274102,-0.821515,-0.000024,3.589443,-1.820674,7.482135,1.139980,0.021159,0.002574,0.996008,0.000000,0.000000,0.000000,-9.636776,26.933704,-8.722323,0.179475,0.001505,-0.392170
43.241346,0.002732,0.511620,1.000903,-0.013088,-0.014205,-0.005314,0.698272,-0.113635,-0.819873,-0.000085,3.589443,-9.638264,7.065785,0.170228,0.029182,-0.004945,1.000997,0.000000,0.000000,0.000000,3.278955,1.235150,1.771859,0.214855,0.062468,-0.439657
43.279640,0.002913,0.511866,1.000957,-0.007644,-0.013540,-0.004082,0.140503,-0.364885,-0.863879,-0.000090,3.589443,-5.308733,-5.600910,0.171323,0.032711,0.002379,1.003750,0.000000,0.000000,0.000000,-6.381531,-1.444654,7.220709,0.309453,-0.029123,-0.377727
43.329514,0.003208,0.511887,1.000004,-0.003854,-0.011049,-0.005840,0.002407,-0.017958,-0.862573,0.000064,3.589443,6.762841,-10.448947,1.743418,0.030485,-0.001882,1.007772,0.000000,0.000000,0.000000,-8.605623,-6.095099,7.615059,0.245088,0.019855,-0.363210
43.379353,0.003923,0.511900,0.999964,-0.002862,-0.010561,-0.003306,0.370831,0.412463,-0.851052,0.000046,3.589443,10.227109,1.215177,-0.122558,0.024553,-0.009012,1.003466,0.000000,0.000000,0.000000,13.311325,-19.185736,6.933327,0.234465,0.066920,-0.372335
43.428321,0.003894,0.511746,0.999944,-0.006324,-0.014532,-0.002706,0.845036,0.467179,-0.829768,-0.000073,3.589443,1.045209,-0.037077,0.679901,0.038222,-0.001609,0.994845,0.000000,0.000000,0.000000,1.191106,-12.050915,-0.279204,0.257076,0.003855,-0.395892
43.529317,0.003933,0.511853,0.999968,-0.007731,-0.016950,-0.003241,0.726189,0.288422,-0.833862,-0.000112,3.589443,-12.013570,4.629359,-1.419260,0.027546,0.007258,0.989063,0.000000,0.000000,0.000000,0.293485,2.261478,-8.411356,0.300075,-0.002931,-0.490814
43.548408,0.003837,0.511660,0.999909,-0.008828,-0.017673,-0.004365,0.114505,0.259725,-0.844688,0.000022,3.589443,-7.573491,-3.800398,0.926521,0.024092,-0.014374,1.017072,0.000000,0.000000,0.000000,-0.304247,11.140824,5.794339,0.282909,0.089252,-0.465181
43.580525,0.004922,0.511605,1.000786,-0.007064,-0.013757,0.005009,-0.198597,0.425664,-0.826699,-0.000014,3.594722,3.427070,-5.349899,0.962185,0.030894,0.001772,1.000284,0.000000,0.000000,0.000000,6.348311,14.926955,1.567273,0.278485,-0.004089,-0.241016
43.630364,0.004818,0.510782,1.001082,-0.010411,-0.013032,0.004671,-0.005322,0.591808,-0.833036,0.000103,3.600000,9.803481,-2.624150,-1.588054,0.033120,-0.000786,0.991532,0.000000,0.000000,0.000000,-12.912893,17.216652,-5.932719,0.293725,0.109355,-0.421026
43.680480,0.004747,0.510757,1.001025,-0.014192,-0.012903,0.000049,0.382063,0.625536,-0.793112,-0.000044,3.600000,3.267904,3.730921,1.771790,0.028021,-0.008025,0.986769,0.000000,0.000000,0.000000,-1.964110,-9.375030,-1.301802,0.252165,-0.010937,-0.375295
43.729638,0.004698,0.510734,1.000918,-0.016132,-0.014301,-0.006473,0.457049,0.403620,-0.806448,-0.000099,3.600000,-3.239162,2.808539,1.558492,0.028783,-0.010203,0.984649,0.000000,0.000000,0.000000,-0.273455,-7.419342,0.348468,0.271922,-0.063697,-0.275382
43.779369,0.004693,0.510724,0.999980,-0.015771,-0.014346,-0.015747,0.209312,0.162691,-0.768097,-0.000136,3.600000,-7.436954,-0.194133,0.740420,0.028555,0.005081,0.982948,0.000000,0.000000,0.000000,2.714493,-10.020342,1.081527,0.249973,-0.027654,-0.367233
43.829456,0.004718,0.510755,0.999060,-0.014377,-0.012007,-0.025520,-0.094394,0.180833,-0.771258,0.000065,3.600000,-4.540045,-5.799664,0.141592,0.014836,-0.005210,0.983071,0.000000,0.000000,0.000000,-7.400259,5.038179,5.987936,0.304498,0.050458,-0.385788
43.878358,0.003789,0.510820,0.997620,-0.017807,-0.008380,-0.035594,-0.206231,0.447188,-0.738491,0.000166,3.600000,4.499434,-0.925480,-0.847899,0.017942,0.000933,0.978471,0.000000,0.000000,0.000000,3.312063,8.608679,0.970560,0.229851,-0.066842,-0.359663
43.929439,0.003639,0.510873,0.995689,-0.019379,-0.006227,-0.047851,0.057688,0.502133,-0.708715,0.000041,3.600000,10.690188,2.880384,0.254070,0.019464,0.003990,0.975711,0.000000,0.000000,0.000000,-0.235950,20.601316,-13.586469,0.274096,-0.029055,-0.457170
43.978348,0.003633,0.510930,0.993214,-0.018771,-0.007627,-0.059512,0.493370,0.155023,-0.713513,-0.000144,3.600000,3.300224,10.253656,1.219205,0.022891,0.006010,0.974638,0.000000,0.000000,0.000000,-13.178668,18.102428,-4.408103,0.288327,0.024335,-0.399572
44.028310,0.002886,0.511213,0.989729,-0.016912,-0.009878,-0.073726,0.577477,-0.327392,-0.699104,-0.000107,3.605279,-4.095877,4.134820,-0.460040,0.016106,0.005181,0.967139,0.000000,0.000000,0.000000,3.438142,-13.080913,2.690602,0.293866,0.033836,-0.401285
44.078497,0.002748,0.510770,0.985791,-0.011779,-0.013538,-0.088286,0.433922,-0.357663,-0.687665,0.000028,3.605279,-4.189677,-5.155363,-0.863763,0.024953,0.005666,0.971991,0.000000,0.000000,0.000000,3.187284,8.094151,-4.641622,0.204870,0.028635,-0.371619
44.127305,0.002834,0.510732,0.981001,-0.007631,-0.014097,-0.103866,0.299924,-0.212738,-0.684310,-0.000031,3.605279,0.365536,-3.594397,1.295849,0.022708,0.010127,0.966002,0.000000,0.000000,0.000000,-3.857220,9.777019,1.551402,0.259187,0.046885,-0.331876
44.179992,0.002886,0.510729,0.975713,-0.005521,-0.014252,-0.119615,0.320853,-0.042138,-0.713090,0.000014,3.605279,1.967224,-7.166515,1.064606,0.025130,0.006983,0.969464,0.000000,0.000000,0.000000,-5.002402,0.877047,11.197037,0.242371,0.154517,-0.313486
44.228340,0.002888,0.509853,0.969594,-0.006082,-0.017647,-0.139864,0.387530,0.212605,-0.718422,-0.000013,3.610557,-6.891950,-1.108027,-2.329696,0.026110,0.006888,0.956136,0.000000,0.000000,0.000000,-3.437731,-4.603809,3.957481,0.252959,0.060721,-0.328401
44.278401,0.002868,0.509673,0.962230,-0.007301,-0.016726,-0.161528,0.009452,0.326114,-0.740801,0.000074,3.610557,-9.715568,-2.369591,0.597084,0.032957,-0.004537,0.946569,0.000000,0.000000,0.000000,-0.685224,3.816173,0.238630,0.256427,0.063543,-0.308101
44.328448,0.002834,0.508945,0.953865,-0.009229,-0.014562,-0.184601,-0.336973,0.404009,-0.713187,0.000050,3.610557,-2.878213,-4.094232,0.974331,0.028631,0.011750,0.951665,0.000000,0.000000,0.000000,5.760483,-3.474641,4.887802,0.188787,-0.051203,-0.306948
44.379420,0.002790,0.508797,0.943937,-0.011683,-0.009383,-0.209757,-0.438176,0.537198,-0.700781,0.000085,3.610557,3.407890,0.819321,0.001982,0.011656,0.004151,0.951138,0.000000,0.000000,0.000000,-0.006000,9.623401,-8.311694,0.301138,0.064412,-0.204627
44.428309,0.002747,0.508879,0.932991,-0.013686,-0.005242,-0.232616,-0.292798,0.480261,-0.663397,-0.000011,3.610557,1.805133,5.715877,0.251123,0.008654,0.005310,0.956402,0.000000,0.000000,0.000000,2.237024,-9.018200,-2.246705,0.297962,0.064957,-0.142954
44.479354,0.002358,0.508452,0.920810,-0.014933,-0.004900,-0.258919,-0.095030,0.213547,-0.656627,-0.000065,3.610557,6.495955,0.017766,0.404118,0.030847,0.004652,0.947965,0.000000,0.000000,0.000000,-0.752501,-20.863873,4.719512,0.186498,0.056089,-0.219504
44.528668,0.001856,0.507900,0.907285,-0.015378,-0.007087,-0.285614,0.257017,0.160528,-0.640261,0.000104,3.615836,-0.534456,1.168026,-0.664648,0.016863,0.003954,0.947177,0.000000,0.000000,0.000000,-7.208569,17.146717,-1.307017,0.131850,0.053518,-0.118964
44.579362,0.001863,0.508442,0.892955,-0.013927,-0.005644,-0.308394,0.169054,0.106413,-0.638952,0.000015,3.610557,-13.068348,4.458661,0.737886,0.018156,0.006610,0.949544,0.000000,0.000000,0.000000,4.487889,-13.933262,-5.418690,0.259279,0.027975,-0.208822
44.628402,0.001367,0.508964,0.876866,-0.013455,-0.000997,-0.333291,-0.382018,-0.017637,-0.597082,-0.000002,3.610557,-6.028552,0.435667,1.723040,0.025815,0.003583,0.952801,0.000000,0.000000,0.000000,5.205568,-9.484244,9.581865,0.262207,0.034086,-0.049762
44.678313,0.000765,0.509049,0.859639,-0.013264,0.003956,-0.357240,-0.620317,0.018465,-0.556396,0.000084,3.610557,8.157191,-0.739222,0.252230,0.028387,0.008511,0.945990,0.000000,0.000000,0.000000,-3.829992,-4.882341,6.207022,0.179925,0.004363,-0.083031
44.729488,0.000775,0.509110,0.841346,-0.011210,0.005983,-0.381937,-0.229314,-0.002074,-0.530358,0.000081,3.610557,11.947478,7.220187,-0.927866,0.023150,-0.013723,0.944601,0.000000,0.000000,0.000000,3.394405,15.529334,-6.094266,0.336623,0.112996,-0.098223
44.778445,0.000819,0.509078,0.821995,-0.008515,0.002925,-0.406388,0.379389,-0.185537,-0.484358,-0.000116,3.615836,11.405442,4.656033,-0.411212,0.016206,-0.007516,0.948483,0.000000,0.000000,0.000000,-3.475666,15.456306,-8.019945,0.240354,-0.042100,-0.221700
44.829353,0.000895,0.508967,0.800730,-0.004213,-0.003715,-0.433965,0.865989,-0.419080,-0.493917,-0.000049,3.610557,-1.333642,-2.113951,-0.885951,0.032524,0.007732,0.950452,0.000000,0.000000,0.000000,-9.054146,2.677787,0.423825,0.228906,-0.077707,-0.128577
44.881523,0.000968,0.508846,0.778635,-0.000796,-0.009301,-0.457240,0.700904,-0.336105,-0.496132,0.000015,3.610557,-12.604510,-5.206683,-1.244874,0.024728,-0.006301,0.950325,0.000000,0.000000,0.000000,-7.347385,-12.329080,6.950410,0.263685,0.098031,-0.149560
44.929463,0.000992,0.507879,0.755422,-0.000557,-0.012695,-0.475864,0.117954,0.058350,-0.539367,0.000134,3.605279,-9.591467,-5.504320,-1.882525,0.019372,-0.007611,0.968287,0.000000,0.000000,0.000000,10.146278,-11.096474,0.496489,0.284576,0.052943,-0.274339
44.978301,0.000949,0.507807,0.732043,-0.003576,-0.008879,-0.487989,-0.345511,0.428667,-0.623825,0.000161,3.605279,-7.547721,-3.286025,-1.691406,0.018330,0.003206,0.965853,0.000000,0.000000,0.000000,-2.866550,2.728909,5.337754,0.197014,-0.034849,-0.105653
45.029439,0.000875,0.507115,0.707026,-0.007527,-0.005398,-0.502790,-0.624456,0.564222,-0.723804,0.000087,3.600000,1.566806,1.973907,-1.956757,0.027331,0.009370,0.977878,0.000000,0.000000,0.000000,6.784798,11.301552,-13.372993,0.115178,-0.028801,-0.099017
45.078418,0.000653,0.506981,0.681906,-0.010544,-0.001125,-0.513387,-0.453303,0.411064,-0.776409,-0.000025,3.605279,11.599406,9.446605,-1.879735,0.019756,0.003897,0.972024,0.000000,0.000000,0.000000,2.235419,-0.403411,3.465436,0.117680,-0.018147,-0.077441
45.129289,-0.000097,0.506480,0.656035,-0.011734,-0.002601,-0.525683,0.075201,-0.058418,-0.811932,-0.000191,3.605279,2.929222,13.801151,0.539342,0.031487,-0.014035,0.975806,0.000000,0.000000,0.000000,-7.947352,10.551025,2.404926,0.095748,0.024618,-0.144049
45.178361,-0.000140,0.505919,0.629641,-0.005093,-0.006540,-0.534013,0.344822,-0.773707,-0.825628,-0.000251,3.600000,2.077944,5.309269,-0.377937,0.033465,0.007420,0.969933,0.000000,0.000000,0.000000,4.187637,-7.033870,-4.783429,0.306860,-0.177533,-0.113763
45.227358,0.000275,0.505922,0.602922,0.005426,-0.008663,-0.541564,0.389007,-1.189065,-0.842474,-0.000312,3.600000,-7.184945,-1.197692,-1.366253,0.032576,-0.002715,0.981213,0.000000,0.000000,0.000000,0.906740,-20.544748,-2.688624,0.260622,0.002145,-0.220882
45.278362,0.001225,0.504829,0.575740,0.016380,-0.011921,-0.546464,0.075919,-1.138366,-0.885596,-0.000045,3.600000,-2.552005,-17.153545,0.180203,0.023734,-0.000494,0.999623,0.000000,0.000000,0.000000,-4.591104,-7.378151,5.827032,0.255255,-0.036662,-0.151725
45.329607,0.001164,0.504904,0.548825,0.016865,-0.009227,-0.546811,-0.100227,-0.306669,-0.911061,0.000099,3.594722,-4.110031,-16.962868,-1.173369,0.016375,0.000854,1.003115,0.000000,0.000000,0.000000,-2.865175,12.334110,-4.392317,0.254151,-0.045666,-0.154684
45.378661,0.002188,0.503867,0.521383,0.014360,-0.008961,-0.547222,-0.316913,0.518950,-0.955324,0.000046,3.594722,-2.891135,-8.534503,-1.990494,0.024889,-0.001968,1.008772,0.000000,0.000000,0.000000,1.386034,-7.956307,-3.722143,0.182079,0.016214,-0.116521
45.428351,0.002142,0.503901,0.494288,0.004960,-0.003705,-0.542119,-0.477850,0.891040,-1.006933,-0.000087,3.594722,-2.700067,6.472257,0.182516,0.022910,-0.004680,1.010587,0.000000,0.000000,0.000000,5.591903,12.589888,-5.314086,0.347580,0.045180,-0.087989
45.479422,0.001998,0.503006,0.467561,-0.001532,-0.001334,-0.534766,-0.615736,0.563845,-1.000338,-0.000238,3.594722,1.916989,8.989319,-0.059794,0.024955,-0.000774,1.010143,0.000000,0.000000,0.000000,9.379533,-3.978840,-3.634092,0.262976,-0.088100,-0.083778
45.528441,0.001947,0.503047,0.440628,-0.002902,0.003683,-0.532340,-0.563858,0.101406,-1.005626,-0.000107,3.594722,1.268773,2.597035,0.613957,0.022366,-0.000070,1.006698,0.000000,0.000000,0.000000,-5.669152,9.175197,-5.898681,0.242801,-0.058390,-0.080112
45.578477,0.001944,0.503122,0.414521,-0.002948,0.007527,-0.525781,-0.560519,0.047774,-0.952710,0.000020,3.589443,-1.493177,-1.190824,0.054952,0.025973,-0.004142,1.011747,0.000000,0.000000,0.000000,-4.059409,4.328990,-8.681183,0.225794,0.053835,-0.251775
45.628366,0.001453,0.503225,0.388313,-0.005523,0.011322,-0.520078,-0.637394,0.170926,-0.892677,-0.000081,3.589443,4.930541,6.944504,-0.080302,0.027592,0.006472,1.013806,0.000000,0.000000,0.000000,-0.534386,-3.297932,0.423157,0.299961,0.059676,-0.312059
45.678339,0.000896,0.504250,0.362781,-0.006621,0.016241,-0.509775,-0.398705,-0.042910,-0.825232,-0.000144,3.584164,6.192675,12.956077,-0.443739,0.030745,-0.004444,1.019275,0.000000,0.000000,0.000000,5.289958,13.516740,-8.264107,0.269948,0.058219,-0.267481
45.728337,0.000931,0.504286,0.338000,-0.002087,0.014235,-0.496251,-0.013240,-0.507060,-0.738328,-0.000303,3.584164,5.023290,8.129903,-0.205808,0.024766,0.000252,1.027816,0.000000,0.000000,0.000000,2.882679,-11.285528,5.500839,0.248121,0.004792,-0.292847
45.779394,0.001052,0.504210,0.313219,0.004781,0.009596,-0.485188,0.270484,-0.860997,-0.711557,-0.000213,3.584164,2.243919,-3.944224,1.301724,0.034509,0.001743,1.032469,0.000000,0.000000,0.000000,-1.648966,-7.996133,2.604121,0.214973,-0.006550,-0.285265
45.828435,0.001177,0.504111,0.290054,0.010946,0.004502,-0.464691,0.369249,-0.836814,-0.660828,-0.000079,3.578886,-8.744263,-7.102835,-0.659687,0.026745,0.009057,1.042357,0.000000,0.000000,0.000000,0.753803,11.421288,2.524261,0.337522,0.019754,-0.345872
45.878470,0.001252,0.504054,0.267692,0.013826,0.002633,-0.442779,-0.002858,-0.506681,-0.591966,-0.000092,3.578886,-3.975504,-7.397505,2.093854,0.019931,0.002890,1.041208,0.000000,0.000000,0.000000,-2.513478,12.667850,-0.713920,0.258412,0.015343,-0.403665
45.928396,0.002196,0.504062,0.246491,0.016473,0.003489,-0.417010,-0.191718,-0.199942,-0.557143,-0.000141,3.578886,6.228986,-2.355697,-0.195113,0.032413,-0.005582,1.036768,0.000000,0.000000,0.000000,13.856855,4.064487,-3.307063,0.234774,0.042398,-0.351437
45.978521,0.002278,0.504057,0.225968,0.014019,0.002779,-0.396421,0.040250,-0.040399,-0.541728,-0.000087,3.578886,-4.671345,-5.788905,-1.109037,0.027806,-0.006414,1.044671,0.000000,0.000000,0.000000,-18.623024,9.186437,4.912377,0.339532,-0.039610,-0.440703
46.028361,0.003242,0.503196,0.207186,0.012782,0.000978,-0.370699,-0.257598,0.292217,-0.579935,-0.000002,3.578886,-5.973000,-8.188211,-0.757245,0.025343,-0.001441,1.059777,0.000000,0.000000,0.000000,8.077590,-10.606864,-6.169435,0.282432,-0.087894,-0.352505
46.079365,0.003670,0.503068,0.189384,0.006981,0.004475,-0.344280,-0.540420,0.648588,-0.588068,-0.000005,3.573607,5.091464,-2.077898,-1.303927,0.025537,0.001741,1.050003,0.000000,0.000000,0.000000,1.620433,9.310582,-10.017181,0.280053,-0.000500,-0.274514
46.128567,0.004043,0.502323,0.172713,0.001037,0.004321,-0.322777,-0.353507,0.723697,-0.620352,-0.000089,3.573607,3.304889,3.795033,-1.257325,0.027727,-0.005918,1.044569,0.000000,0.000000,0.000000,12.599743,-11.721288,12.083471,0.238731,-0.015773,-0.307113
46.178385,0.003936,0.502091,0.157121,-0.004643,0.004713,-0.299998,-0.221303,0.560044,-0.635457,-0.000131,3.573607,4.094503,-1.270518,-0.125629,0.033243,0.008733,1.052919,0.000000,0.000000,0.000000,-4.017071,4.635629,5.318092,0.239991,-0.020054,-0.364379
46.227316,0.003864,0.501557,0.143284,-0.007778,0.002683,-0.272467,-0.055661,0.383519,-0.672741,-0.000178,3.573607,-0.100260,10.040854,0.387880,0.019433,-0.005262,1.046279,0.000000,0.000000,0.000000,11.474487,-10.151404,1.476520,0.286756,0.052782,0.114298
46.278343,0.003849,0.501017,0.129733,-0.007704,-0.000115,-0.249277,0.070104,0.055106,-0.683315,-0.000112,3.573607,-12.609312,7.838162,-4.929804,0.019239,0.008538,1.059228,0.000000,0.000000,0.000000,-17.237392,12.718889,-11.672384,0.281861,-0.033838,-0.383465
46.328405,0.003874,0.501034,0.118611,-0.005975,0.003276,-0.217689,-0.569107,-0.072027,-0.724986,-0.000201,3.573607,-10.557192,-2.244790,-0.838466,0.020755,-0.001752,1.082733,0.000000,0.000000,0.000000,5.223603,-18.443140,8.905412,0.277387,0.035448,-0.384514
46.377386,0.003904,0.500640,0.108205,-0.004853,0.009163,-0.182953,-0.997712,0.007064,-0.779656,0.000117,3.578886,21.347303,-13.110130,0.958925,0.032627,-0.003861,1.071060,0.000000,0.000000,0.000000,-1.652641,7.112085,-21.503283,0.206103,0.048505,0.069541
46.428461,0.002828,0.500172,0.100292,-0.011690,0.007664,-0.150575,-0.004854,0.570109,-0.867009,0.000135,3.584164,16.789782,1.799557,-1.630217,0.023614,-0.010319,1.053353,0.000000,0.000000,0.000000,2.593227,-2.659592,-0.583224,0.193592,-0.091575,-0.133333
46.479650,0.001919,0.499045,0.093554,-0.018434,-0.003267,-0.122452,0.861006,0.628763,-0.931408,0.000064,3.584164,-7.818738,2.323148,-1.308549,0.016890,0.002909,1.061465,0.000000,0.000000,0.000000,-22.797794,-4.105609,-6.055324,0.154361,-0.097472,-0.197084
46.528279,0.000818,0.497924,0.088061,-0.023123,-0.011427,-0.088780,0.476550,0.387354,-1.006565,-0.000025,3.589443,-19.441286,15.166009,-2.939970,0.032492,-0.012410,1.068854,0.000000,0.000000,0.000000,5.266719,9.916693,-3.855202,0.173999,-0.039740,-0.009170
46.579389,-0.000203,0.496288,0.084401,-0.021962,-0.012358,-0.056384,-0.508506,-0.216904,-1.108263,0.000039,3.594722,-19.923353,1.136779,-0.841652,0.010792,-0.006973,1.066330,0.000000,0.000000,0.000000,7.439593,-10.067714,12.060940,0.216691,-0.026029,0.173649
46.627357,-0.000342,0.495115,0.082514,-0.016667,-0.004411,-0.025113,-1.299551,-0.227209,-1.204537,0.000096,3.600000,6.081529,4.973772,-1.921097,0.015268,-0.004181,1.038598,0.000000,0.000000,0.000000,20.877316,1.323798,1.971509,0.191729,-0.122768,0.422610
46.680342,-0.001128,0.493252,0.080982,-0.012183,-0.001383,-0.010873,-0.999788,-0.639085,-1.280032,-0.000577,3.600000,7.994941,41.876320,-3.129602,0.021616,-0.015844,1.022443,0.000000,0.000000,0.000000,6.995731,-3.306119,9.777240,0.147917,-0.063861,0.259934
46.729432,-0.000999,0.491505,0.080427,0.006195,-0.002987,-0.007451,-0.499012,-2.395406,-1.384242,-0.000875,3.605279,7.035224,14.034850,-0.719391,0.013183,-0.007875,1.000083,0.000000,0.000000,0.000000,4.337067,-24.389256,-4.682824,0.329610,-0.200314,0.062353
46.781314,-0.000784,0.489506,0.079944,0.028464,-0.007642,-0.006164,-0.202277,-2.894554,-1.495571,-0.000301,3.605279,-5.454958,-27.512608,0.139214,0.022619,-0.023707,1.002611,0.000000,0.000000,0.000000,-13.890378,-22.300648,7.532289,0.221531,-0.071292,0.220064
46.829340,-0.000654,0.488049,0.079934,0.037634,-0.008372,-0.006144,-0.513585,-1.467141,-1.557163,0.000271,3.605279,-25.936243,-45.790432,0.163633,0.020031,-0.011818,1.009405,0.000000,0.000000,0.000000,-12.070975,-10.558606,1.375317,0.159929,-0.240259,0.131735
46.878382,0.000168,0.487022,0.078987,0.031690,0.002606,-0.005145,-1.940724,0.693990,-1.558538,0.000528,3.605279,-33.668991,-23.984652,-0.132043,0.020750,-0.002878,1.020387,0.000000,0.000000,0.000000,-0.096668,25.203772,-5.847302,0.101053,-0.080838,0.211727
46.927479,0.000357,0.486611,0.078984,0.014103,0.026519,0.000828,-3.446621,1.825378,-1.455916,0.000050,3.605279,0.656062,15.228004,0.844439,0.021925,-0.020044,1.011100,0.000000,0.000000,0.000000,19.425087,21.695961,-4.156092,0.161660,-0.054245,0.287834
46.978401,0.000077,0.486849,0.079082,0.001374,0.050214,0.005682,-3.301113,1.062796,-1.432224,-0.000470,3.605279,27.354544,28.725874,3.073324,0.023746,-0.027202,1.011049,0.000000,0.000000,0.000000,13.150358,4.329569,-2.505939,0.148569,-0.151859,0.369558
47.028501,0.000011,0.486543,0.079974,0.001996,0.058106,0.010402,-1.907210,-0.359746,-1.354686,-0.000405,3.610557,21.768780,14.032450,3.110012,0.029744,-0.001118,0.993555,0.000000,0.000000,0.000000,-6.301887,-6.227780,-8.585117,0.128113,-0.157487,0.373740
47.078340,0.000123,0.487124,0.080141,0.008364,0.057801,0.006992,-0.806273,-0.878064,-1.212525,-0.000243,3.610557,-4.139862,-2.889477,1.330026,0.019896,0.001066,0.991046,0.000000,0.000000,0.000000,-3.564168,-14.616280,-1.822906,0.259700,-0.096491,0.394770
47.129312,-0.000713,0.488630,0.080030,0.009436,0.060632,0.001203,-1.047862,-0.638268,-1.130733,0.000053,3.610557,-22.458527,-11.810394,2.644912,0.010498,-0.017162,1.007741,0.000000,0.000000,0.000000,-3.703235,14.061425,-2.945326,0.170463,-0.123076,0.181288
47.178366,-0.001621,0.490169,0.081010,0.006432,0.069890,0.007767,-1.899804,-0.145315,-1.025082,-0.000089,3.605279,8.396583,6.702245,2.021702,0.032137,-0.016475,1.007701,0.000000,0.000000,0.000000,12.911810,13.264428,5.355106,0.267374,-0.123425,0.450143
47.227441,-0.001865,0.491925,0.081148,0.007858,0.075756,0.007738,-1.262400,-0.570990,-0.933148,-0.000528,3.610557,31.186255,30.184036,2.965988,0.020198,-0.010408,0.994836,0.000000,0.000000,0.000000,-5.456556,14.411880,1.739274,0.155942,-0.119646,0.580000
47.278336,-0.000900,0.493104,0.081620,0.022599,0.067518,0.004710,0.243529,-1.968965,-0.806946,-0.000921,3.610557,21.223095,20.586664,3.778378,0.023810,-0.011224,0.960639,0.000000,0.000000,0.000000,-4.970675,-15.661029,4.152575,0.232162,-0.172220,0.467567
47.329429,0.000412,0.493587,0.078831,0.037835,0.052690,-0.142663,1.314823,-2.986250,-0.562434,0.000000,3.811144,13.383924,8.705777,6.217017,0.007909,-0.022552,0.474617,0.000000,0.000000,0.000000,-10.756049,-2.311170,-4.327824,0.348595,-0.245656,1.281188
47.378374,0.000795,0.493831,0.063114,0.042786,0.040364,-0.449477,2.014284,-3.377455,-0.242002,0.000000,3.811144,6.241072,4.873507,6.510950,0.006502,0.003324,0.311626,0.000000,0.000000,0.000000,0.661406,-0.418353,-5.705812,0.120801,-0.190770,0.443160
47.427290,0.002798,0.494612,0.029855,0.052446,0.030426,-0.770467,2.304906,-3.653780,0.103140,0.000000,3.805865,-284.558533,-476.741425,5.238192,-0.477187,0.361862,5.014637,0.000000,0.000000,0.000000,-7.434995,-6.117070,-4.427732,0.066913,-0.050471,0.492740
47.478312,0.001142,0.495980,0.033830,0.054768,0.012396,-0.000562,1.295049,-4.160694,1.895585,0.000000,3.805865,-15.688184,-86.023834,51.218674,0.168240,-0.026110,0.765080,0.000000,0.000000,0.000000,-119.251099,-267.540253,-6.313460,-1.183383,0.246771,18.433548
47.527406,-0.002867,0.496513,0.029970,0.048103,0.007635,0.051326,0.622324,-0.894041,4.365299,0.000000,3.805865,-11.585207,39.319237,9.442004,0.151197,-0.018362,0.650211,0.000000,0.000000,0.000000,-104.637245,-17.655624,1.805063,1.237535,-0.021869,3.179638
47.577367,-0.005024,0.496090,0.030044,0.033405,0.000567,0.003808,0.623156,0.210869,4.636963,0.000000,3.805865,-4.203652,3.535770,-0.658124,0.044680,0.030288,0.996459,0.000000,0.000000,0.000000,-68.356155,66.841156,19.783569,1.226821,0.351857,1.927471
47.627408,-0.005210,0.495936,0.030072,0.025619,-0.004961,0.003826,0.652191,0.281589,4.628209,0.000000,3.805865,-1.554138,0.357114,0.013750,0.015197,0.002725,1.006210,0.000000,0.000000,0.000000,7.549049,-3.177033,-7.642308,0.045471,-0.226788,9.147376
47.678441,-0.005610,0.495843,0.030066,0.018205,-0.009519,0.003547,0.642285,0.318198,4.642300,0.000000,3.805865,-1.048345,0.038831,-1.179428,0.016359,0.017692,1.001354,0.000000,0.000000,0.000000,4.979736,-1.765754,2.221164,0.133547,-0.195018,9.322659
47.729542,-0.005460,0.495768,0.030068,0.013649,-0.013182,0.003541,0.637118,0.311450,4.650955,0.000000,3.805865,0.069833,0.234844,-0.294467,0.010780,0.003837,1.003984,0.000000,0.000000,0.000000,2.260368,0.336556,-3.586591,0.220001,-0.213323,9.426907
47.778353,-0.005813,0.495705,0.030053,0.008127,-0.016283,0.002322,0.628994,0.338070,4.648053,0.000000,3.805865,0.561933,-0.750544,-0.060914,0.020456,-0.003093,0.995811,0.000000,0.000000,0.000000,0.166457,-3.083795,-3.030851,0.012549,-0.027626,9.437941
47.828344,-0.005696,0.495656,0.030040,0.004867,-0.018694,0.002119,0.624639,0.340011,4.645701,0.000000,3.805865,-1.313571,1.369710,0.117332,0.025585,0.007803,1.005215,0.000000,0.000000,0.000000,-0.177664,5.071947,-3.506090,0.183551,-0.062182,9.522457
47.878482,-0.005825,0.495618,0.030038,0.001332,-0.020546,0.001815,0.587548,0.340004,4.643271,0.000000,3.805865,0.268524,-0.470616,0.114681,0.006165,-0.006067,0.996502,0.000000,0.000000,0.000000,-7.271300,6.933552,0.208073,0.053052,-0.108916,9.516496
47.927496,-0.005049,0.495586,0.030026,0.001398,-0.022054,0.001352,0.582622,0.340494,4.642136,0.000000,3.805865,1.916223,-1.693511,-0.088843,0.011653,0.002068,0.996375,0.000000,0.000000,0.000000,6.068875,-5.296002,-0.238043,0.076855,-0.085069,9.473327
47.977324,-0.005241,0.495564,0.030025,-0.001536,-0.023078,0.001289,0.561536,0.349825,4.644647,0.000000,3.811144,-0.341453,-0.125457,-0.288162,0.026025,0.015543,1.002628,0.000000,0.000000,0.000000,9.657393,-5.840700,-1.931925,0.233641,0.053452,9.561035
48.029304,-0.005682,0.495549,0.030027,-0.004934,-0.023763,0.001293,0.531953,0.333619,4.644133,0.000000,3.811144,-1.024213,0.620455,0.343697,0.021264,0.007228,1.000055,0.000000,0.000000,0.000000,-3.712612,-0.058766,-0.166317,0.177624,-0.049846,9.556277
48.078274,-0.006098,0.495540,0.030016,-0.007861,-0.024173,0.000923,0.512501,0.344210,4.643588,0.000000,3.811144,-0.003219,-0.010032,0.114520,0.020576,-0.001198,0.999788,0.000000,0.000000,0.000000,-2.312562,2.711572,0.545557,0.133582,-0.116825,9.496448
48.129371,-0.005570,0.495534,0.030026,-0.007191,-0.024392,0.001665,0.490917,0.336609,4.644346,0.000000,3.811144,-0.138943,0.136201,-0.094164,0.022005,-0.000147,1.004037,0.000000,0.000000,0.000000,0.444019,-3.574160,1.376960,0.133415,-0.063513,9.558905
48.178361,-0.006070,0.495532,0.030029,-0.009866,-0.024473,0.001599,0.472087,0.320939,4.644549,0.000000,3.811144,-0.109839,0.210700,-0.435709,0.016033,0.001063,1.000067,0.000000,0.000000,0.000000,-1.271273,4.458457,2.602857,0.083918,-0.066153,9.582387
